Series_reference,Period,Data_value,Suppressed,STATUS,UNITS,Magnitude,Subject,Group,Series_title_1,Series_title_2,Series_title_3,Series_title_4,Series_title_5
BDCQ.SF1AA2CA,2016.06,1116.386,,F,Dollars,6,Business Data Collection - BDC,Industry by financial variable (NZSIOC Level 2),Sales (operating income),Forestry and Logging,Current prices,Unadjusted,
BDCQ.SF1AA2CA,2016.09,1070.874,,F,Dollars,6,Business Data Collection - BDC,Industry by financial variable (NZSIOC Level 2),Sales (operating income),Forestry and Logging,Current prices,Unadjusted,
BDCQ.SF1AA2CA,2016.12,1054.408,,F,Dollars,6,Business Data Collection - BDC,Industry by financial variable (NZSIOC Level 2),Sales (operating income),Forestry and Logging,Current prices,Unadjusted,
BDCQ.SF1AA2CA,2017.03,1010.665,,F,Dollars,6,Business Data Collection - BDC,Industry by financial variable (NZSIOC Level 2),Sales (operating income),Forestry and Logging,Current prices,Unadjusted,
BDCQ.SF1AA2CA,2017.06,1233.7,,F,Dollars,6,Business Data Collection - BDC,Industry by financial variable (NZSIOC Level 2),Sales (operating income),Forestry and Logging,Current prices,Unadjusted,
BDCQ.SF1AA2CA,2017.09,1282.436,,F,Dollars,6,Business Data Collection - BDC,Industry by financial variable (NZSIOC Level 2),Sales (operating income),Forestry and Logging,Current prices,Unadjusted,
BDCQ.SF1AA2CA,2017.12,1290.82,,F,Dollars,6,Business Data Collection - BDC,Industry by financial variable (NZSIOC Level 2),Sales (operating income),Forestry and Logging,Current prices,Unadjusted,
BDCQ.SF1AA2CA,2018.03,1412.007,,F,Dollars,6,Business Data Collection - BDC,Industry by financial variable (NZSIOC Level 2),Sales (operating income),Forestry and Logging,Current prices,Unadjusted,
BDCQ.SF1AA2CA,2018.06,1488.055,,F,Dollars,6,Business Data Collection - BDC,Industry by financial variable (NZSIOC Level 2),Sales (operating income),Forestry and Logging,Current prices,Unadjusted,
BDCQ.SF1AA2CA,2018.09,1497.678,,F,Dollars,6,Business Data Collection - BDC,Industry by financial variable (NZSIOC Level 2),Sales (operating income),Forestry and Logging,Current prices,Unadjusted,
BDCQ.SF1AA2CA,2018.12,1570.507,,F,Dollars,6,Business Data Collection - BDC,Industry by financial variable (NZSIOC Level 2),Sales (operating income),Forestry and Logging,Current prices,Unadjusted,
BDCQ.SF1AA2CA,2019.03,1393.749,,F,Dollars,6,Business Data Collection - BDC,Industry by financial variable (NZSIOC Level 2),Sales (operating income),Forestry and Logging,Current prices,Unadjusted,
BDCQ.SF1AA2CA,2019.06,1517.143,,F,Dollars,6,Business Data Collection - BDC,Industry by financial variable (NZSIOC Level 2),Sales (operating income),Forestry and Logging,Current prices,Unadjusted,
BDCQ.SF1AA2CA,2019.09,1381.514,,F,Dollars,6,Business Data Collection - BDC,Industry by financial variable (NZSIOC Level 2),Sales (operating income),Forestry and Logging,Current prices,Unadjusted,
BDCQ.SF1AA2CA,2019.12,1370.985,,F,Dollars,6,Business Data Collection - BDC,Industry by financial variable (NZSIOC Level 2),Sales (operating income),Forestry and Logging,Current prices,Unadjusted,
BDCQ.SF1AA2CA,2020.03,1073.017,,F,Dollars,6,Business Data Collection - BDC,Industry by financial variable (NZSIOC Level 2),Sales (operating income),Forestry and Logging,Current prices,Unadjusted,
BDCQ.SF1AA2CA,2020.06,1131.445,,F,Dollars,6,Business Data Collection - BDC,Industry by financial variable (NZSIOC Level 2),Sales (operating income),Forestry and Logging,Current prices,Unadjusted,
BDCQ.SF1AA2CA,2020.09,1440.101,,F,Dollars,6,Business Data Collection - BDC,Industry by financial variable (NZSIOC Level 2),Sales (operating income),Forestry and Logging,Current prices,Unadjusted,
BDCQ.SF1AA2CA,2020.12,1489.979,,F,Dollars,6,Business Data Collection - BDC,Industry by financial variable (NZSIOC Level 2),Sales (operating income),Forestry and Logging,Current prices,Unadjusted,
BDCQ.SF1AA2CA,2021.03,1390.782,,F,Dollars,6,Business Data Collection - BDC,Industry by financial variable (NZSIOC Level 2),Sales (operating income),Forestry and Logging,Current prices,Unadjusted,
BDCQ.SF1AA2CA,2021.06,1826.73,,F,Dollars,6,Business Data Collection - BDC,Industry by financial variable (NZSIOC Level 2),Sales (operating income),Forestry and Logging,Current prices,Unadjusted,
BDCQ.SF1AA2CA,2021.09,1710.073,,F,Dollars,6,Business Data Collection - BDC,Industry by financial variable (NZSIOC Level 2),Sales (operating income),Forestry and Logging,Current prices,Unadjusted,
BDCQ.SF1AA2CS,2016.06,1061.671,,R,Dollars,6,Business Data Collection - BDC,Industry by financial variable (NZSIOC Level 2),Sales (operating income),Forestry and Logging,Current prices,Seasonally adjusted,
BDCQ.SF1AA2CS,2016.09,1058.112,,R,Dollars,6,Business Data Collection - BDC,Industry by financial variable (NZSIOC Level 2),Sales (operating income),Forestry and Logging,Current prices,Seasonally adjusted,
BDCQ.SF1AA2CS,2016.12,1053.346,,R,Dollars,6,Business Data Collection - BDC,Industry by financial variable (NZSIOC Level 2),Sales (operating income),Forestry and Logging,Current prices,Seasonally adjusted,
BDCQ.SF1AA2CS,2017.03,1079.879,,R,Dollars,6,Business Data Collection - BDC,Industry by financial variable (NZSIOC Level 2),Sales (operating income),Forestry and Logging,Current prices,Seasonally adjusted,
BDCQ.SF1AA2CS,2017.06,1174.617,,R,Dollars,6,Business Data Collection - BDC,Industry by financial variable (NZSIOC Level 2),Sales (operating income),Forestry and Logging,Current prices,Seasonally adjusted,
BDCQ.SF1AA2CS,2017.09,1267.839,,R,Dollars,6,Business Data Collection - BDC,Industry by financial variable (NZSIOC Level 2),Sales (operating income),Forestry and Logging,Current prices,Seasonally adjusted,
BDCQ.SF1AA2CS,2017.12,1285.166,,R,Dollars,6,Business Data Collection - BDC,Industry by financial variable (NZSIOC Level 2),Sales (operating income),Forestry and Logging,Current prices,Seasonally adjusted,
BDCQ.SF1AA2CS,2018.03,1513.187,,R,Dollars,6,Business Data Collection - BDC,Industry by financial variable (NZSIOC Level 2),Sales (operating income),Forestry and Logging,Current prices,Seasonally adjusted,
BDCQ.SF1AA2CS,2018.06,1417.053,,R,Dollars,6,Business Data Collection - BDC,Industry by financial variable (NZSIOC Level 2),Sales (operating income),Forestry and Logging,Current prices,Seasonally adjusted,
BDCQ.SF1AA2CS,2018.09,1478.72,,R,Dollars,6,Business Data Collection - BDC,Industry by financial variable (NZSIOC Level 2),Sales (operating income),Forestry and Logging,Current prices,Seasonally adjusted,
BDCQ.SF1AA2CS,2018.12,1562.878,,R,Dollars,6,Business Data Collection - BDC,Industry by financial variable (NZSIOC Level 2),Sales (operating income),Forestry and Logging,Current prices,Seasonally adjusted,
BDCQ.SF1AA2CS,2019.03,1497.362,,R,Dollars,6,Business Data Collection - BDC,Industry by financial variable (NZSIOC Level 2),Sales (operating income),Forestry and Logging,Current prices,Seasonally adjusted,
BDCQ.SF1AA2CS,2019.06,1442.079,,R,Dollars,6,Business Data Collection - BDC,Industry by financial variable (NZSIOC Level 2),Sales (operating income),Forestry and Logging,Current prices,Seasonally adjusted,
BDCQ.SF1AA2CS,2019.09,1364.806,,R,Dollars,6,Business Data Collection - BDC,Industry by financial variable (NZSIOC Level 2),Sales (operating income),Forestry and Logging,Current prices,Seasonally adjusted,
BDCQ.SF1AA2CS,2019.12,1363.907,,R,Dollars,6,Business Data Collection - BDC,Industry by financial variable (NZSIOC Level 2),Sales (operating income),Forestry and Logging,Current prices,Seasonally adjusted,
BDCQ.SF1AA2CS,2020.03,1153.325,,R,Dollars,6,Business Data Collection - BDC,Industry by financial variable (NZSIOC Level 2),Sales (operating income),Forestry and Logging,Current prices,Seasonally adjusted,
BDCQ.SF1AA2CS,2020.06,1075.416,,R,Dollars,6,Business Data Collection - BDC,Industry by financial variable (NZSIOC Level 2),Sales (operating income),Forestry and Logging,Current prices,Seasonally adjusted,
BDCQ.SF1AA2CS,2020.09,1422.799,,R,Dollars,6,Business Data Collection - BDC,Industry by financial variable (NZSIOC Level 2),Sales (operating income),Forestry and Logging,Current prices,Seasonally adjusted,
BDCQ.SF1AA2CS,2020.12,1482.742,,R,Dollars,6,Business Data Collection - BDC,Industry by financial variable (NZSIOC Level 2),Sales (operating income),Forestry and Logging,Current prices,Seasonally adjusted,
BDCQ.SF1AA2CS,2021.03,1491.704,,R,Dollars,6,Business Data Collection - BDC,Industry by financial variable (NZSIOC Level 2),Sales (operating income),Forestry and Logging,Current prices,Seasonally adjusted,
BDCQ.SF1AA2CS,2021.06,1739.36,,R,Dollars,6,Business Data Collection - BDC,Industry by financial variable (NZSIOC Level 2),Sales (operating income),Forestry and Logging,Current prices,Seasonally adjusted,
BDCQ.SF1AA2CS,2021.09,1690.577,,F,Dollars,6,Business Data Collection - BDC,Industry by financial variable (NZSIOC Level 2),Sales (operating income),Forestry and Logging,Current prices,Seasonally adjusted,
BDCQ.SF1AA2CT,2016.06,1026.281,,R,Dollars,6,Business Data Collection - BDC,Industry by financial variable (NZSIOC Level 2),Sales (operating income),Forestry and Logging,Current prices,Trend,
BDCQ.SF1AA2CT,2016.09,1068.539,,R,Dollars,6,Business Data Collection - BDC,Industry by financial variable (NZSIOC Level 2),Sales (operating income),Forestry and Logging,Current prices,Trend,
BDCQ.SF1AA2CT,2016.12,1053.023,,R,Dollars,6,Business Data Collection - BDC,Industry by financial variable (NZSIOC Level 2),Sales (operating income),Forestry and Logging,Current prices,Trend,
BDCQ.SF1AA2CT,2017.03,1087.708,,R,Dollars,6,Business Data Collection - BDC,Industry by financial variable (NZSIOC Level 2),Sales (operating income),Forestry and Logging,Current prices,Trend,
BDCQ.SF1AA2CT,2017.06,1172.381,,R,Dollars,6,Business Data Collection - BDC,Industry by financial variable (NZSIOC Level 2),Sales (operating income),Forestry and Logging,Current prices,Trend,
BDCQ.SF1AA2CT,2017.09,1258.713,,R,Dollars,6,Business Data Collection - BDC,Industry by financial variable (NZSIOC Level 2),Sales (operating income),Forestry and Logging,Current prices,Trend,
BDCQ.SF1AA2CT,2017.12,1336.851,,R,Dollars,6,Business Data Collection - BDC,Industry by financial variable (NZSIOC Level 2),Sales (operating income),Forestry and Logging,Current prices,Trend,
BDCQ.SF1AA2CT,2018.03,1394.989,,R,Dollars,6,Business Data Collection - BDC,Industry by financial variable (NZSIOC Level 2),Sales (operating income),Forestry and Logging,Current prices,Trend,
BDCQ.SF1AA2CT,2018.06,1431.529,,R,Dollars,6,Business Data Collection - BDC,Industry by financial variable (NZSIOC Level 2),Sales (operating income),Forestry and Logging,Current prices,Trend,
BDCQ.SF1AA2CT,2018.09,1488.493,,R,Dollars,6,Business Data Collection - BDC,Industry by financial variable (NZSIOC Level 2),Sales (operating income),Forestry and Logging,Current prices,Trend,
BDCQ.SF1AA2CT,2018.12,1538.495,,R,Dollars,6,Business Data Collection - BDC,Industry by financial variable (NZSIOC Level 2),Sales (operating income),Forestry and Logging,Current prices,Trend,
BDCQ.SF1AA2CT,2019.03,1511.469,,R,Dollars,6,Business Data Collection - BDC,Industry by financial variable (NZSIOC Level 2),Sales (operating income),Forestry and Logging,Current prices,Trend,
BDCQ.SF1AA2CT,2019.06,1432.49,,R,Dollars,6,Business Data Collection - BDC,Industry by financial variable (NZSIOC Level 2),Sales (operating income),Forestry and Logging,Current prices,Trend,
BDCQ.SF1AA2CT,2019.09,1374.326,,R,Dollars,6,Business Data Collection - BDC,Industry by financial variable (NZSIOC Level 2),Sales (operating income),Forestry and Logging,Current prices,Trend,
BDCQ.SF1AA2CT,2019.12,1367.931,,R,Dollars,6,Business Data Collection - BDC,Industry by financial variable (NZSIOC Level 2),Sales (operating income),Forestry and Logging,Current prices,Trend,
BDCQ.SF1AA2CT,2020.03,,Y,C,Dollars,6,Business Data Collection - BDC,Industry by financial variable (NZSIOC Level 2),Sales (operating income),Forestry and Logging,Current prices,Trend,
BDCQ.SF1AA2CT,2020.06,,Y,C,Dollars,6,Business Data Collection - BDC,Industry by financial variable (NZSIOC Level 2),Sales (operating income),Forestry and Logging,Current prices,Trend,
BDCQ.SF1AA2CT,2020.09,,Y,C,Dollars,6,Business Data Collection - BDC,Industry by financial variable (NZSIOC Level 2),Sales (operating income),Forestry and Logging,Current prices,Trend,
BDCQ.SF1AA2CT,2020.12,,Y,C,Dollars,6,Business Data Collection - BDC,Industry by financial variable (NZSIOC Level 2),Sales (operating income),Forestry and Logging,Current prices,Trend,
BDCQ.SF1AA2CT,2021.03,,Y,C,Dollars,6,Business Data Collection - BDC,Industry by financial variable (NZSIOC Level 2),Sales (operating income),Forestry and Logging,Current prices,Trend,
BDCQ.SF1AA2CT,2021.06,,Y,C,Dollars,6,Business Data Collection - BDC,Industry by financial variable (NZSIOC Level 2),Sales (operating income),Forestry and Logging,Current prices,Trend,
BDCQ.SF1AA2CT,2021.09,,Y,C,Dollars,6,Business Data Collection - BDC,Industry by financial variable (NZSIOC Level 2),Sales (operating income),Forestry and Logging,Current prices,Trend,
BDCQ.SF1AA3CA,2016.06,1189.735,,F,Dollars,6,Business Data Collection - BDC,Industry by financial variable (NZSIOC Level 2),Sales (operating income),"Fishing, Aquaculture and Agriculture, Forestry and Fishing Support Services",Current prices,Unadjusted,
BDCQ.SF1AA3CA,2016.09,1144.938,,F,Dollars,6,Business Data Collection - BDC,Industry by financial variable (NZSIOC Level 2),Sales (operating income),"Fishing, Aquaculture and Agriculture, Forestry and Fishing Support Services",Current prices,Unadjusted,
BDCQ.SF1AA3CA,2016.12,1390.589,,F,Dollars,6,Business Data Collection - BDC,Industry by financial variable (NZSIOC Level 2),Sales (operating income),"Fishing, Aquaculture and Agriculture, Forestry and Fishing Support Services",Current prices,Unadjusted,
BDCQ.SF1AA3CA,2017.03,1310.912,,F,Dollars,6,Business Data Collection - BDC,Industry by financial variable (NZSIOC Level 2),Sales (operating income),"Fishing, Aquaculture and Agriculture, Forestry and Fishing Support Services",Current prices,Unadjusted,
BDCQ.SF1AA3CA,2017.06,1241.466,,F,Dollars,6,Business Data Collection - BDC,Industry by financial variable (NZSIOC Level 2),Sales (operating income),"Fishing, Aquaculture and Agriculture, Forestry and Fishing Support Services",Current prices,Unadjusted,
BDCQ.SF1AA3CA,2017.09,1288.648,,F,Dollars,6,Business Data Collection - BDC,Industry by financial variable (NZSIOC Level 2),Sales (operating income),"Fishing, Aquaculture and Agriculture, Forestry and Fishing Support Services",Current prices,Unadjusted,
BDCQ.SF1AA3CA,2017.12,1772.086,,F,Dollars,6,Business Data Collection - BDC,Industry by financial variable (NZSIOC Level 2),Sales (operating income),"Fishing, Aquaculture and Agriculture, Forestry and Fishing Support Services",Current prices,Unadjusted,
BDCQ.SF1AA3CA,2018.03,1554.221,,F,Dollars,6,Business Data Collection - BDC,Industry by financial variable (NZSIOC Level 2),Sales (operating income),"Fishing, Aquaculture and Agriculture, Forestry and Fishing Support Services",Current prices,Unadjusted,
BDCQ.SF1AA3CA,2018.06,1441.386,,F,Dollars,6,Business Data Collection - BDC,Industry by financial variable (NZSIOC Level 2),Sales (operating income),"Fishing, Aquaculture and Agriculture, Forestry and Fishing Support Services",Current prices,Unadjusted,
BDCQ.SF1AA3CA,2018.09,1364.769,,F,Dollars,6,Business Data Collection - BDC,Industry by financial variable (NZSIOC Level 2),Sales (operating income),"Fishing, Aquaculture and Agriculture, Forestry and Fishing Support Services",Current prices,Unadjusted,
BDCQ.SF1AA3CA,2018.12,1771.028,,F,Dollars,6,Business Data Collection - BDC,Industry by financial variable (NZSIOC Level 2),Sales (operating income),"Fishing, Aquaculture and Agriculture, Forestry and Fishing Support Services",Current prices,Unadjusted,
BDCQ.SF1AA3CA,2019.03,1665.84,,F,Dollars,6,Business Data Collection - BDC,Industry by financial variable (NZSIOC Level 2),Sales (operating income),"Fishing, Aquaculture and Agriculture, Forestry and Fishing Support Services",Current prices,Unadjusted,
BDCQ.SF1AA3CA,2019.06,1554.397,,F,Dollars,6,Business Data Collection - BDC,Industry by financial variable (NZSIOC Level 2),Sales (operating income),"Fishing, Aquaculture and Agriculture, Forestry and Fishing Support Services",Current prices,Unadjusted,
BDCQ.SF1AA3CA,2019.09,1484.434,,F,Dollars,6,Business Data Collection - BDC,Industry by financial variable (NZSIOC Level 2),Sales (operating income),"Fishing, Aquaculture and Agriculture, Forestry and Fishing Support Services",Current prices,Unadjusted,
BDCQ.SF1AA3CA,2019.12,1817.118,,F,Dollars,6,Business Data Collection - BDC,Industry by financial variable (NZSIOC Level 2),Sales (operating income),"Fishing, Aquaculture and Agriculture, Forestry and Fishing Support Services",Current prices,Unadjusted,
BDCQ.SF1AA3CA,2020.03,1582.915,,F,Dollars,6,Business Data Collection - BDC,Industry by financial variable (NZSIOC Level 2),Sales (operating income),"Fishing, Aquaculture and Agriculture, Forestry and Fishing Support Services",Current prices,Unadjusted,
BDCQ.SF1AA3CA,2020.06,1421.593,,F,Dollars,6,Business Data Collection - BDC,Industry by financial variable (NZSIOC Level 2),Sales (operating income),"Fishing, Aquaculture and Agriculture, Forestry and Fishing Support Services",Current prices,Unadjusted,
BDCQ.SF1AA3CA,2020.09,1614.752,,F,Dollars,6,Business Data Collection - BDC,Industry by financial variable (NZSIOC Level 2),Sales (operating income),"Fishing, Aquaculture and Agriculture, Forestry and Fishing Support Services",Current prices,Unadjusted,
BDCQ.SF1AA3CA,2020.12,2089.453,,F,Dollars,6,Business Data Collection - BDC,Industry by financial variable (NZSIOC Level 2),Sales (operating income),"Fishing, Aquaculture and Agriculture, Forestry and Fishing Support Services",Current prices,Unadjusted,
BDCQ.SF1AA3CA,2021.03,1817.439,,F,Dollars,6,Business Data Collection - BDC,Industry by financial variable (NZSIOC Level 2),Sales (operating income),"Fishing, Aquaculture and Agriculture, Forestry and Fishing Support Services",Current prices,Unadjusted,
BDCQ.SF1AA3CA,2021.06,1814.973,,F,Dollars,6,Business Data Collection - BDC,Industry by financial variable (NZSIOC Level 2),Sales (operating income),"Fishing, Aquaculture and Agriculture, Forestry and Fishing Support Services",Current prices,Unadjusted,
BDCQ.SF1AA3CA,2021.09,1791.805,,F,Dollars,6,Business Data Collection - BDC,Industry by financial variable (NZSIOC Level 2),Sales (operating income),"Fishing, Aquaculture and Agriculture, Forestry and Fishing Support Services",Current prices,Unadjusted,
BDCQ.SF1AA3CS,2016.06,1266.857,,R,Dollars,6,Business Data Collection - BDC,Industry by financial variable (NZSIOC Level 2),Sales (operating income),"Fishing, Aquaculture and Agriculture, Forestry and Fishing Support Services",Current prices,Seasonally adjusted,
BDCQ.SF1AA3CS,2016.09,1290.221,,R,Dollars,6,Business Data Collection - BDC,Industry by financial variable (NZSIOC Level 2),Sales (operating income),"Fishing, Aquaculture and Agriculture, Forestry and Fishing Support Services",Current prices,Seasonally adjusted,
BDCQ.SF1AA3CS,2016.12,1220.557,,R,Dollars,6,Business Data Collection - BDC,Industry by financial variable (NZSIOC Level 2),Sales (operating income),"Fishing, Aquaculture and Agriculture, Forestry and Fishing Support Services",Current prices,Seasonally adjusted,
BDCQ.SF1AA3CS,2017.03,1266.163,,R,Dollars,6,Business Data Collection - BDC,Industry by financial variable (NZSIOC Level 2),Sales (operating income),"Fishing, Aquaculture and Agriculture, Forestry and Fishing Support Services",Current prices,Seasonally adjusted,
BDCQ.SF1AA3CS,2017.06,1331.714,,R,Dollars,6,Business Data Collection - BDC,Industry by financial variable (NZSIOC Level 2),Sales (operating income),"Fishing, Aquaculture and Agriculture, Forestry and Fishing Support Services",Current prices,Seasonally adjusted,
BDCQ.SF1AA3CS,2017.09,1440.403,,R,Dollars,6,Business Data Collection - BDC,Industry by financial variable (NZSIOC Level 2),Sales (operating income),"Fishing, Aquaculture and Agriculture, Forestry and Fishing Support Services",Current prices,Seasonally adjusted,
BDCQ.SF1AA3CS,2017.12,1549.564,,R,Dollars,6,Business Data Collection - BDC,Industry by financial variable (NZSIOC Level 2),Sales (operating income),"Fishing, Aquaculture and Agriculture, Forestry and Fishing Support Services",Current prices,Seasonally adjusted,
BDCQ.SF1AA3CS,2018.03,1512.861,,R,Dollars,6,Business Data Collection - BDC,Industry by financial variable (NZSIOC Level 2),Sales (operating income),"Fishing, Aquaculture and Agriculture, Forestry and Fishing Support Services",Current prices,Seasonally adjusted,
BDCQ.SF1AA3CS,2018.06,1549.291,,R,Dollars,6,Business Data Collection - BDC,Industry by financial variable (NZSIOC Level 2),Sales (operating income),"Fishing, Aquaculture and Agriculture, Forestry and Fishing Support Services",Current prices,Seasonally adjusted,
BDCQ.SF1AA3CS,2018.09,1517.159,,R,Dollars,6,Business Data Collection - BDC,Industry by financial variable (NZSIOC Level 2),Sales (operating income),"Fishing, Aquaculture and Agriculture, Forestry and Fishing Support Services",Current prices,Seasonally adjusted,
BDCQ.SF1AA3CS,2018.12,1540.902,,R,Dollars,6,Business Data Collection - BDC,Industry by financial variable (NZSIOC Level 2),Sales (operating income),"Fishing, Aquaculture and Agriculture, Forestry and Fishing Support Services",Current prices,Seasonally adjusted,
BDCQ.SF1AA3CS,2019.03,1636.899,,R,Dollars,6,Business Data Collection - BDC,Industry by financial variable (NZSIOC Level 2),Sales (operating income),"Fishing, Aquaculture and Agriculture, Forestry and Fishing Support Services",Current prices,Seasonally adjusted,
BDCQ.SF1AA3CS,2019.06,1670.987,,R,Dollars,6,Business Data Collection - BDC,Industry by financial variable (NZSIOC Level 2),Sales (operating income),"Fishing, Aquaculture and Agriculture, Forestry and Fishing Support Services",Current prices,Seasonally adjusted,
BDCQ.SF1AA3CS,2019.09,1641.136,,R,Dollars,6,Business Data Collection - BDC,Industry by financial variable (NZSIOC Level 2),Sales (operating income),"Fishing, Aquaculture and Agriculture, Forestry and Fishing Support Services",Current prices,Seasonally adjusted,
BDCQ.SF1AA3CS,2019.12,1577.742,,R,Dollars,6,Business Data Collection - BDC,Industry by financial variable (NZSIOC Level 2),Sales (operating income),"Fishing, Aquaculture and Agriculture, Forestry and Fishing Support Services",Current prices,Seasonally adjusted,
BDCQ.SF1AA3CS,2020.03,1565.787,,R,Dollars,6,Business Data Collection - BDC,Industry by financial variable (NZSIOC Level 2),Sales (operating income),"Fishing, Aquaculture and Agriculture, Forestry and Fishing Support Services",Current prices,Seasonally adjusted,
BDCQ.SF1AA3CS,2020.06,1526.115,,R,Dollars,6,Business Data Collection - BDC,Industry by financial variable (NZSIOC Level 2),Sales (operating income),"Fishing, Aquaculture and Agriculture, Forestry and Fishing Support Services",Current prices,Seasonally adjusted,
BDCQ.SF1AA3CS,2020.09,1781.342,,R,Dollars,6,Business Data Collection - BDC,Industry by financial variable (NZSIOC Level 2),Sales (operating income),"Fishing, Aquaculture and Agriculture, Forestry and Fishing Support Services",Current prices,Seasonally adjusted,
BDCQ.SF1AA3CS,2020.12,1812.34,,R,Dollars,6,Business Data Collection - BDC,Industry by financial variable (NZSIOC Level 2),Sales (operating income),"Fishing, Aquaculture and Agriculture, Forestry and Fishing Support Services",Current prices,Seasonally adjusted,
BDCQ.SF1AA3CS,2021.03,1802.369,,R,Dollars,6,Business Data Collection - BDC,Industry by financial variable (NZSIOC Level 2),Sales (operating income),"Fishing, Aquaculture and Agriculture, Forestry and Fishing Support Services",Current prices,Seasonally adjusted,
BDCQ.SF1AA3CS,2021.06,1948.689,,R,Dollars,6,Business Data Collection - BDC,Industry by financial variable (NZSIOC Level 2),Sales (operating income),"Fishing, Aquaculture and Agriculture, Forestry and Fishing Support Services",Current prices,Seasonally adjusted,
BDCQ.SF1AA3CS,2021.09,1972.223,,F,Dollars,6,Business Data Collection - BDC,Industry by financial variable (NZSIOC Level 2),Sales (operating income),"Fishing, Aquaculture and Agriculture, Forestry and Fishing Support Services",Current prices,Seasonally adjusted,
BDCQ.SF1AA3CT,2016.06,1283.974,,R,Dollars,6,Business Data Collection - BDC,Industry by financial variable (NZSIOC Level 2),Sales (operating income),"Fishing, Aquaculture and Agriculture, Forestry and Fishing Support Services",Current prices,Trend,
BDCQ.SF1AA3CT,2016.09,1264.974,,R,Dollars,6,Business Data Collection - BDC,Industry by financial variable (NZSIOC Level 2),Sales (operating income),"Fishing, Aquaculture and Agriculture, Forestry and Fishing Support Services",Current prices,Trend,
BDCQ.SF1AA3CT,2016.12,1242.851,,R,Dollars,6,Business Data Collection - BDC,Industry by financial variable (NZSIOC Level 2),Sales (operating income),"Fishing, Aquaculture and Agriculture, Forestry and Fishing Support Services",Current prices,Trend,
BDCQ.SF1AA3CT,2017.03,1257.46,,R,Dollars,6,Business Data Collection - BDC,Industry by financial variable (NZSIOC Level 2),Sales (operating income),"Fishing, Aquaculture and Agriculture, Forestry and Fishing Support Services",Current prices,Trend,
BDCQ.SF1AA3CT,2017.06,1336.549,,R,Dollars,6,Business Data Collection - BDC,Industry by financial variable (NZSIOC Level 2),Sales (operating income),"Fishing, Aquaculture and Agriculture, Forestry and Fishing Support Services",Current prices,Trend,
BDCQ.SF1AA3CT,2017.09,1448.015,,R,Dollars,6,Business Data Collection - BDC,Industry by financial variable (NZSIOC Level 2),Sales (operating income),"Fishing, Aquaculture and Agriculture, Forestry and Fishing Support Services",Current prices,Trend,
BDCQ.SF1AA3CT,2017.12,1522.739,,R,Dollars,6,Business Data Collection - BDC,Industry by financial variable (NZSIOC Level 2),Sales (operating income),"Fishing, Aquaculture and Agriculture, Forestry and Fishing Support Services",Current prices,Trend,
BDCQ.SF1AA3CT,2018.03,1539.345,,R,Dollars,6,Business Data Collection - BDC,Industry by financial variable (NZSIOC Level 2),Sales (operating income),"Fishing, Aquaculture and Agriculture, Forestry and Fishing Support Services",Current prices,Trend,
BDCQ.SF1AA3CT,2018.06,1529.75,,R,Dollars,6,Business Data Collection - BDC,Industry by financial variable (NZSIOC Level 2),Sales (operating income),"Fishing, Aquaculture and Agriculture, Forestry and Fishing Support Services",Current prices,Trend,
BDCQ.SF1AA3CT,2018.09,1525.094,,R,Dollars,6,Business Data Collection - BDC,Industry by financial variable (NZSIOC Level 2),Sales (operating income),"Fishing, Aquaculture and Agriculture, Forestry and Fishing Support Services",Current prices,Trend,
BDCQ.SF1AA3CT,2018.12,1551.956,,R,Dollars,6,Business Data Collection - BDC,Industry by financial variable (NZSIOC Level 2),Sales (operating income),"Fishing, Aquaculture and Agriculture, Forestry and Fishing Support Services",Current prices,Trend,
BDCQ.SF1AA3CT,2019.03,1627.197,,R,Dollars,6,Business Data Collection - BDC,Industry by financial variable (NZSIOC Level 2),Sales (operating income),"Fishing, Aquaculture and Agriculture, Forestry and Fishing Support Services",Current prices,Trend,
BDCQ.SF1AA3CT,2019.06,1668.607,,R,Dollars,6,Business Data Collection - BDC,Industry by financial variable (NZSIOC Level 2),Sales (operating income),"Fishing, Aquaculture and Agriculture, Forestry and Fishing Support Services",Current prices,Trend,
BDCQ.SF1AA3CT,2019.09,1637.128,,R,Dollars,6,Business Data Collection - BDC,Industry by financial variable (NZSIOC Level 2),Sales (operating income),"Fishing, Aquaculture and Agriculture, Forestry and Fishing Support Services",Current prices,Trend,
BDCQ.SF1AA3CT,2019.12,1587.314,,R,Dollars,6,Business Data Collection - BDC,Industry by financial variable (NZSIOC Level 2),Sales (operating income),"Fishing, Aquaculture and Agriculture, Forestry and Fishing Support Services",Current prices,Trend,
BDCQ.SF1AA3CT,2020.03,1550.094,,R,Dollars,6,Business Data Collection - BDC,Industry by financial variable (NZSIOC Level 2),Sales (operating income),"Fishing, Aquaculture and Agriculture, Forestry and Fishing Support Services",Current prices,Trend,
BDCQ.SF1AA3CT,2020.06,1591.274,,R,Dollars,6,Business Data Collection - BDC,Industry by financial variable (NZSIOC Level 2),Sales (operating income),"Fishing, Aquaculture and Agriculture, Forestry and Fishing Support Services",Current prices,Trend,
BDCQ.SF1AA3CT,2020.09,1709.392,,R,Dollars,6,Business Data Collection - BDC,Industry by financial variable (NZSIOC Level 2),Sales (operating income),"Fishing, Aquaculture and Agriculture, Forestry and Fishing Support Services",Current prices,Trend,
BDCQ.SF1AA3CT,2020.12,1796.036,,R,Dollars,6,Business Data Collection - BDC,Industry by financial variable (NZSIOC Level 2),Sales (operating income),"Fishing, Aquaculture and Agriculture, Forestry and Fishing Support Services",Current prices,Trend,
BDCQ.SF1AA3CT,2021.03,1846.469,,R,Dollars,6,Business Data Collection - BDC,Industry by financial variable (NZSIOC Level 2),Sales (operating income),"Fishing, Aquaculture and Agriculture, Forestry and Fishing Support Services",Current prices,Trend,
BDCQ.SF1AA3CT,2021.06,1918.653,,R,Dollars,6,Business Data Collection - BDC,Industry by financial variable (NZSIOC Level 2),Sales (operating income),"Fishing, Aquaculture and Agriculture, Forestry and Fishing Support Services",Current prices,Trend,
BDCQ.SF1AA3CT,2021.09,1993.043,,F,Dollars,6,Business Data Collection - BDC,Industry by financial variable (NZSIOC Level 2),Sales (operating income),"Fishing, Aquaculture and Agriculture, Forestry and Fishing Support Services",Current prices,Trend,
BDCQ.SF1AACA,2016.06,2306.12,,F,Dollars,6,Business Data Collection - BDC,Industry by financial variable (NZSIOC Level 1),Sales (operating income),"Agriculture, Forestry and Fishing",Current,Unadjusted,
BDCQ.SF1AACA,2016.09,2215.81,,F,Dollars,6,Business Data Collection - BDC,Industry by financial variable (NZSIOC Level 1),Sales (operating income),"Agriculture, Forestry and Fishing",Current,Unadjusted,
BDCQ.SF1AACA,2016.12,2445,,F,Dollars,6,Business Data Collection - BDC,Industry by financial variable (NZSIOC Level 1),Sales (operating income),"Agriculture, Forestry and Fishing",Current,Unadjusted,
BDCQ.SF1AACA,2017.03,2321.58,,F,Dollars,6,Business Data Collection - BDC,Industry by financial variable (NZSIOC Level 1),Sales (operating income),"Agriculture, Forestry and Fishing",Current,Unadjusted,
BDCQ.SF1AACA,2017.06,2475.22,,F,Dollars,6,Business Data Collection - BDC,Industry by financial variable (NZSIOC Level 1),Sales (operating income),"Agriculture, Forestry and Fishing",Current,Unadjusted,
BDCQ.SF1AACA,2017.09,2571.09,,F,Dollars,6,Business Data Collection - BDC,Industry by financial variable (NZSIOC Level 1),Sales (operating income),"Agriculture, Forestry and Fishing",Current,Unadjusted,
BDCQ.SF1AACA,2017.12,3062.91,,F,Dollars,6,Business Data Collection - BDC,Industry by financial variable (NZSIOC Level 1),Sales (operating income),"Agriculture, Forestry and Fishing",Current,Unadjusted,
BDCQ.SF1AACA,2018.03,2966.24,,F,Dollars,6,Business Data Collection - BDC,Industry by financial variable (NZSIOC Level 1),Sales (operating income),"Agriculture, Forestry and Fishing",Current,Unadjusted,
BDCQ.SF1AACA,2018.06,2929.48,,F,Dollars,6,Business Data Collection - BDC,Industry by financial variable (NZSIOC Level 1),Sales (operating income),"Agriculture, Forestry and Fishing",Current,Unadjusted,
BDCQ.SF1AACA,2018.09,2862.45,,F,Dollars,6,Business Data Collection - BDC,Industry by financial variable (NZSIOC Level 1),Sales (operating income),"Agriculture, Forestry and Fishing",Current,Unadjusted,
BDCQ.SF1AACA,2018.12,3341.53,,F,Dollars,6,Business Data Collection - BDC,Industry by financial variable (NZSIOC Level 1),Sales (operating income),"Agriculture, Forestry and Fishing",Current,Unadjusted,
BDCQ.SF1AACA,2019.03,3059.59,,F,Dollars,6,Business Data Collection - BDC,Industry by financial variable (NZSIOC Level 1),Sales (operating income),"Agriculture, Forestry and Fishing",Current,Unadjusted,
BDCQ.SF1AACA,2019.06,3071.57,,F,Dollars,6,Business Data Collection - BDC,Industry by financial variable (NZSIOC Level 1),Sales (operating income),"Agriculture, Forestry and Fishing",Current,Unadjusted,
BDCQ.SF1AACA,2019.09,2865.95,,F,Dollars,6,Business Data Collection - BDC,Industry by financial variable (NZSIOC Level 1),Sales (operating income),"Agriculture, Forestry and Fishing",Current,Unadjusted,
BDCQ.SF1AACA,2019.12,3188.1,,F,Dollars,6,Business Data Collection - BDC,Industry by financial variable (NZSIOC Level 1),Sales (operating income),"Agriculture, Forestry and Fishing",Current,Unadjusted,
BDCQ.SF1AACA,2020.03,2655.93,,F,Dollars,6,Business Data Collection - BDC,Industry by financial variable (NZSIOC Level 1),Sales (operating income),"Agriculture, Forestry and Fishing",Current,Unadjusted,
BDCQ.SF1AACA,2020.06,2553.038,,F,Dollars,6,Business Data Collection - BDC,Industry by financial variable (NZSIOC Level 1),Sales (operating income),"Agriculture, Forestry and Fishing",Current,Unadjusted,
BDCQ.SF1AACA,2020.09,3054.853,,F,Dollars,6,Business Data Collection - BDC,Industry by financial variable (NZSIOC Level 1),Sales (operating income),"Agriculture, Forestry and Fishing",Current,Unadjusted,
BDCQ.SF1AACA,2020.12,3579.432,,F,Dollars,6,Business Data Collection - BDC,Industry by financial variable (NZSIOC Level 1),Sales (operating income),"Agriculture, Forestry and Fishing",Current,Unadjusted,
BDCQ.SF1AACA,2021.03,3208.221,,F,Dollars,6,Business Data Collection - BDC,Industry by financial variable (NZSIOC Level 1),Sales (operating income),"Agriculture, Forestry and Fishing",Current,Unadjusted,
BDCQ.SF1AACA,2021.06,3641.703,,F,Dollars,6,Business Data Collection - BDC,Industry by financial variable (NZSIOC Level 1),Sales (operating income),"Agriculture, Forestry and Fishing",Current,Unadjusted,
BDCQ.SF1AACA,2021.09,3501.878,,F,Dollars,6,Business Data Collection - BDC,Industry by financial variable (NZSIOC Level 1),Sales (operating income),"Agriculture, Forestry and Fishing",Current,Unadjusted,
BDCQ.SF1AACS,2016.06,2332.152,,R,Dollars,6,Business Data Collection - BDC,Industry by financial variable (NZSIOC Level 1),Sales (operating income),"Agriculture, Forestry and Fishing",Current,Seasonally adjusted,
BDCQ.SF1AACS,2016.09,2349.465,,R,Dollars,6,Business Data Collection - BDC,Industry by financial variable (NZSIOC Level 1),Sales (operating income),"Agriculture, Forestry and Fishing",Current,Seasonally adjusted,
BDCQ.SF1AACS,2016.12,2278.652,,R,Dollars,6,Business Data Collection - BDC,Industry by financial variable (NZSIOC Level 1),Sales (operating income),"Agriculture, Forestry and Fishing",Current,Seasonally adjusted,
BDCQ.SF1AACS,2017.03,2335.787,,R,Dollars,6,Business Data Collection - BDC,Industry by financial variable (NZSIOC Level 1),Sales (operating income),"Agriculture, Forestry and Fishing",Current,Seasonally adjusted,
BDCQ.SF1AACS,2017.06,2502.708,,R,Dollars,6,Business Data Collection - BDC,Industry by financial variable (NZSIOC Level 1),Sales (operating income),"Agriculture, Forestry and Fishing",Current,Seasonally adjusted,
BDCQ.SF1AACS,2017.09,2718.84,,R,Dollars,6,Business Data Collection - BDC,Industry by financial variable (NZSIOC Level 1),Sales (operating income),"Agriculture, Forestry and Fishing",Current,Seasonally adjusted,
BDCQ.SF1AACS,2017.12,2855.253,,R,Dollars,6,Business Data Collection - BDC,Industry by financial variable (NZSIOC Level 1),Sales (operating income),"Agriculture, Forestry and Fishing",Current,Seasonally adjusted,
BDCQ.SF1AACS,2018.03,2995.544,,R,Dollars,6,Business Data Collection - BDC,Industry by financial variable (NZSIOC Level 1),Sales (operating income),"Agriculture, Forestry and Fishing",Current,Seasonally adjusted,
BDCQ.SF1AACS,2018.06,2955.887,,R,Dollars,6,Business Data Collection - BDC,Industry by financial variable (NZSIOC Level 1),Sales (operating income),"Agriculture, Forestry and Fishing",Current,Seasonally adjusted,
BDCQ.SF1AACS,2018.09,3019.934,,R,Dollars,6,Business Data Collection - BDC,Industry by financial variable (NZSIOC Level 1),Sales (operating income),"Agriculture, Forestry and Fishing",Current,Seasonally adjusted,
BDCQ.SF1AACS,2018.12,3119.118,,R,Dollars,6,Business Data Collection - BDC,Industry by financial variable (NZSIOC Level 1),Sales (operating income),"Agriculture, Forestry and Fishing",Current,Seasonally adjusted,
BDCQ.SF1AACS,2019.03,3096.846,,R,Dollars,6,Business Data Collection - BDC,Industry by financial variable (NZSIOC Level 1),Sales (operating income),"Agriculture, Forestry and Fishing",Current,Seasonally adjusted,
BDCQ.SF1AACS,2019.06,3093.586,,R,Dollars,6,Business Data Collection - BDC,Industry by financial variable (NZSIOC Level 1),Sales (operating income),"Agriculture, Forestry and Fishing",Current,Seasonally adjusted,
BDCQ.SF1AACS,2019.09,3020.247,,R,Dollars,6,Business Data Collection - BDC,Industry by financial variable (NZSIOC Level 1),Sales (operating income),"Agriculture, Forestry and Fishing",Current,Seasonally adjusted,
BDCQ.SF1AACS,2019.12,2977.106,,R,Dollars,6,Business Data Collection - BDC,Industry by financial variable (NZSIOC Level 1),Sales (operating income),"Agriculture, Forestry and Fishing",Current,Seasonally adjusted,
BDCQ.SF1AACS,2020.03,2694.174,,R,Dollars,6,Business Data Collection - BDC,Industry by financial variable (NZSIOC Level 1),Sales (operating income),"Agriculture, Forestry and Fishing",Current,Seasonally adjusted,
BDCQ.SF1AACS,2020.06,2566.983,,R,Dollars,6,Business Data Collection - BDC,Industry by financial variable (NZSIOC Level 1),Sales (operating income),"Agriculture, Forestry and Fishing",Current,Seasonally adjusted,
BDCQ.SF1AACS,2020.09,3217.378,,R,Dollars,6,Business Data Collection - BDC,Industry by financial variable (NZSIOC Level 1),Sales (operating income),"Agriculture, Forestry and Fishing",Current,Seasonally adjusted,
BDCQ.SF1AACS,2020.12,3343.368,,R,Dollars,6,Business Data Collection - BDC,Industry by financial variable (NZSIOC Level 1),Sales (operating income),"Agriculture, Forestry and Fishing",Current,Seasonally adjusted,
BDCQ.SF1AACS,2021.03,3260.615,,R,Dollars,6,Business Data Collection - BDC,Industry by financial variable (NZSIOC Level 1),Sales (operating income),"Agriculture, Forestry and Fishing",Current,Seasonally adjusted,
BDCQ.SF1AACS,2021.06,3655.06,,R,Dollars,6,Business Data Collection - BDC,Industry by financial variable (NZSIOC Level 1),Sales (operating income),"Agriculture, Forestry and Fishing",Current,Seasonally adjusted,
BDCQ.SF1AACS,2021.09,3687.289,,F,Dollars,6,Business Data Collection - BDC,Industry by financial variable (NZSIOC Level 1),Sales (operating income),"Agriculture, Forestry and Fishing",Current,Seasonally adjusted,
BDCQ.SF1AACT,2016.06,2312.14,,R,Dollars,6,Business Data Collection - BDC,Industry by financial variable (NZSIOC Level 1),Sales (operating income),"Agriculture, Forestry and Fishing",Current,Trend,
BDCQ.SF1AACT,2016.09,2337.182,,R,Dollars,6,Business Data Collection - BDC,Industry by financial variable (NZSIOC Level 1),Sales (operating income),"Agriculture, Forestry and Fishing",Current,Trend,
BDCQ.SF1AACT,2016.12,2295.851,,R,Dollars,6,Business Data Collection - BDC,Industry by financial variable (NZSIOC Level 1),Sales (operating income),"Agriculture, Forestry and Fishing",Current,Trend,
BDCQ.SF1AACT,2017.03,2338.901,,R,Dollars,6,Business Data Collection - BDC,Industry by financial variable (NZSIOC Level 1),Sales (operating income),"Agriculture, Forestry and Fishing",Current,Trend,
BDCQ.SF1AACT,2017.06,2507.727,,R,Dollars,6,Business Data Collection - BDC,Industry by financial variable (NZSIOC Level 1),Sales (operating income),"Agriculture, Forestry and Fishing",Current,Trend,
BDCQ.SF1AACT,2017.09,2703.255,,R,Dollars,6,Business Data Collection - BDC,Industry by financial variable (NZSIOC Level 1),Sales (operating income),"Agriculture, Forestry and Fishing",Current,Trend,
BDCQ.SF1AACT,2017.12,2874.812,,R,Dollars,6,Business Data Collection - BDC,Industry by financial variable (NZSIOC Level 1),Sales (operating income),"Agriculture, Forestry and Fishing",Current,Trend,
BDCQ.SF1AACT,2018.03,2961.072,,R,Dollars,6,Business Data Collection - BDC,Industry by financial variable (NZSIOC Level 1),Sales (operating income),"Agriculture, Forestry and Fishing",Current,Trend,
BDCQ.SF1AACT,2018.06,2981.672,,R,Dollars,6,Business Data Collection - BDC,Industry by financial variable (NZSIOC Level 1),Sales (operating income),"Agriculture, Forestry and Fishing",Current,Trend,
BDCQ.SF1AACT,2018.09,3026.417,,R,Dollars,6,Business Data Collection - BDC,Industry by financial variable (NZSIOC Level 1),Sales (operating income),"Agriculture, Forestry and Fishing",Current,Trend,
BDCQ.SF1AACT,2018.12,3097.306,,R,Dollars,6,Business Data Collection - BDC,Industry by financial variable (NZSIOC Level 1),Sales (operating income),"Agriculture, Forestry and Fishing",Current,Trend,
BDCQ.SF1AACT,2019.03,3113.702,,R,Dollars,6,Business Data Collection - BDC,Industry by financial variable (NZSIOC Level 1),Sales (operating income),"Agriculture, Forestry and Fishing",Current,Trend,
BDCQ.SF1AACT,2019.06,3079.682,,R,Dollars,6,Business Data Collection - BDC,Industry by financial variable (NZSIOC Level 1),Sales (operating income),"Agriculture, Forestry and Fishing",Current,Trend,
BDCQ.SF1AACT,2019.09,3021.612,,R,Dollars,6,Business Data Collection - BDC,Industry by financial variable (NZSIOC Level 1),Sales (operating income),"Agriculture, Forestry and Fishing",Current,Trend,
BDCQ.SF1AACT,2019.12,2989.153,,R,Dollars,6,Business Data Collection - BDC,Industry by financial variable (NZSIOC Level 1),Sales (operating income),"Agriculture, Forestry and Fishing",Current,Trend,
BDCQ.SF1AACT,2020.03,,Y,C,Dollars,6,Business Data Collection - BDC,Industry by financial variable (NZSIOC Level 1),Sales (operating income),"Agriculture, Forestry and Fishing",Current,Trend,
BDCQ.SF1AACT,2020.06,,Y,C,Dollars,6,Business Data Collection - BDC,Industry by financial variable (NZSIOC Level 1),Sales (operating income),"Agriculture, Forestry and Fishing",Current,Trend,
BDCQ.SF1AACT,2020.09,,Y,C,Dollars,6,Business Data Collection - BDC,Industry by financial variable (NZSIOC Level 1),Sales (operating income),"Agriculture, Forestry and Fishing",Current,Trend,
BDCQ.SF1AACT,2020.12,,Y,C,Dollars,6,Business Data Collection - BDC,Industry by financial variable (NZSIOC Level 1),Sales (operating income),"Agriculture, Forestry and Fishing",Current,Trend,
BDCQ.SF1AACT,2021.03,,Y,C,Dollars,6,Business Data Collection - BDC,Industry by financial variable (NZSIOC Level 1),Sales (operating income),"Agriculture, Forestry and Fishing",Current,Trend,
BDCQ.SF1AACT,2021.06,,Y,C,Dollars,6,Business Data Collection - BDC,Industry by financial variable (NZSIOC Level 1),Sales (operating income),"Agriculture, Forestry and Fishing",Current,Trend,
BDCQ.SF1AACT,2021.09,,Y,C,Dollars,6,Business Data Collection - BDC,Industry by financial variable (NZSIOC Level 1),Sales (operating income),"Agriculture, Forestry and Fishing",Current,Trend,
BDCQ.SF1BB1CA,2016.06,1119.02,,F,Dollars,6,Business Data Collection - BDC,Industry by financial variable (NZSIOC Level 2),Sales (operating income),Mining,Current prices,Unadjusted,
BDCQ.SF1BB1CA,2016.09,1101.412,,F,Dollars,6,Business Data Collection - BDC,Industry by financial variable (NZSIOC Level 2),Sales (operating income),Mining,Current prices,Unadjusted,
BDCQ.SF1BB1CA,2016.12,1139.459,,F,Dollars,6,Business Data Collection - BDC,Industry by financial variable (NZSIOC Level 2),Sales (operating income),Mining,Current prices,Unadjusted,
BDCQ.SF1BB1CA,2017.03,1040.5,,F,Dollars,6,Business Data Collection - BDC,Industry by financial variable (NZSIOC Level 2),Sales (operating income),Mining,Current prices,Unadjusted,
BDCQ.SF1BB1CA,2017.06,1150.976,,F,Dollars,6,Business Data Collection - BDC,Industry by financial variable (NZSIOC Level 2),Sales (operating income),Mining,Current prices,Unadjusted,
BDCQ.SF1BB1CA,2017.09,1084.658,,F,Dollars,6,Business Data Collection - BDC,Industry by financial variable (NZSIOC Level 2),Sales (operating income),Mining,Current prices,Unadjusted,
BDCQ.SF1BB1CA,2017.12,1352.84,,F,Dollars,6,Business Data Collection - BDC,Industry by financial variable (NZSIOC Level 2),Sales (operating income),Mining,Current prices,Unadjusted,
BDCQ.SF1BB1CA,2018.03,1224.534,,F,Dollars,6,Business Data Collection - BDC,Industry by financial variable (NZSIOC Level 2),Sales (operating income),Mining,Current prices,Unadjusted,
BDCQ.SF1BB1CA,2018.06,1105.167,,F,Dollars,6,Business Data Collection - BDC,Industry by financial variable (NZSIOC Level 2),Sales (operating income),Mining,Current prices,Unadjusted,
BDCQ.SF1BB1CA,2018.09,1372.723,,F,Dollars,6,Business Data Collection - BDC,Industry by financial variable (NZSIOC Level 2),Sales (operating income),Mining,Current prices,Unadjusted,
BDCQ.SF1BB1CA,2018.12,1230.969,,F,Dollars,6,Business Data Collection - BDC,Industry by financial variable (NZSIOC Level 2),Sales (operating income),Mining,Current prices,Unadjusted,
BDCQ.SF1BB1CA,2019.03,1115.478,,F,Dollars,6,Business Data Collection - BDC,Industry by financial variable (NZSIOC Level 2),Sales (operating income),Mining,Current prices,Unadjusted,
BDCQ.SF1BB1CA,2019.06,1210.962,,F,Dollars,6,Business Data Collection - BDC,Industry by financial variable (NZSIOC Level 2),Sales (operating income),Mining,Current prices,Unadjusted,
BDCQ.SF1BB1CA,2019.09,1234.819,,F,Dollars,6,Business Data Collection - BDC,Industry by financial variable (NZSIOC Level 2),Sales (operating income),Mining,Current prices,Unadjusted,
BDCQ.SF1BB1CA,2019.12,1276.337,,F,Dollars,6,Business Data Collection - BDC,Industry by financial variable (NZSIOC Level 2),Sales (operating income),Mining,Current prices,Unadjusted,
BDCQ.SF1BB1CA,2020.03,1080.713,,F,Dollars,6,Business Data Collection - BDC,Industry by financial variable (NZSIOC Level 2),Sales (operating income),Mining,Current prices,Unadjusted,
BDCQ.SF1BB1CA,2020.06,847.349,,F,Dollars,6,Business Data Collection - BDC,Industry by financial variable (NZSIOC Level 2),Sales (operating income),Mining,Current prices,Unadjusted,
BDCQ.SF1BB1CA,2020.09,925.547,,F,Dollars,6,Business Data Collection - BDC,Industry by financial variable (NZSIOC Level 2),Sales (operating income),Mining,Current prices,Unadjusted,
BDCQ.SF1BB1CA,2020.12,1085.539,,F,Dollars,6,Business Data Collection - BDC,Industry by financial variable (NZSIOC Level 2),Sales (operating income),Mining,Current prices,Unadjusted,
BDCQ.SF1BB1CA,2021.03,1063.775,,F,Dollars,6,Business Data Collection - BDC,Industry by financial variable (NZSIOC Level 2),Sales (operating income),Mining,Current prices,Unadjusted,
BDCQ.SF1BB1CA,2021.06,1077.447,,F,Dollars,6,Business Data Collection - BDC,Industry by financial variable (NZSIOC Level 2),Sales (operating income),Mining,Current prices,Unadjusted,
BDCQ.SF1BB1CA,2021.09,1151.861,,F,Dollars,6,Business Data Collection - BDC,Industry by financial variable (NZSIOC Level 2),Sales (operating income),Mining,Current prices,Unadjusted,
BDCQ.SF1BB1CS,2016.06,1119.02,,R,Dollars,6,Business Data Collection - BDC,Industry by financial variable (NZSIOC Level 2),Sales (operating income),Mining,Current prices,Seasonally adjusted,
BDCQ.SF1BB1CS,2016.09,1101.412,,R,Dollars,6,Business Data Collection - BDC,Industry by financial variable (NZSIOC Level 2),Sales (operating income),Mining,Current prices,Seasonally adjusted,
BDCQ.SF1BB1CS,2016.12,1139.459,,R,Dollars,6,Business Data Collection - BDC,Industry by financial variable (NZSIOC Level 2),Sales (operating income),Mining,Current prices,Seasonally adjusted,
BDCQ.SF1BB1CS,2017.03,1040.5,,R,Dollars,6,Business Data Collection - BDC,Industry by financial variable (NZSIOC Level 2),Sales (operating income),Mining,Current prices,Seasonally adjusted,
BDCQ.SF1BB1CS,2017.06,1150.976,,R,Dollars,6,Business Data Collection - BDC,Industry by financial variable (NZSIOC Level 2),Sales (operating income),Mining,Current prices,Seasonally adjusted,
BDCQ.SF1BB1CS,2017.09,1084.658,,R,Dollars,6,Business Data Collection - BDC,Industry by financial variable (NZSIOC Level 2),Sales (operating income),Mining,Current prices,Seasonally adjusted,
BDCQ.SF1BB1CS,2017.12,1352.84,,R,Dollars,6,Business Data Collection - BDC,Industry by financial variable (NZSIOC Level 2),Sales (operating income),Mining,Current prices,Seasonally adjusted,
BDCQ.SF1BB1CS,2018.03,1224.534,,R,Dollars,6,Business Data Collection - BDC,Industry by financial variable (NZSIOC Level 2),Sales (operating income),Mining,Current prices,Seasonally adjusted,
BDCQ.SF1BB1CS,2018.06,1105.167,,R,Dollars,6,Business Data Collection - BDC,Industry by financial variable (NZSIOC Level 2),Sales (operating income),Mining,Current prices,Seasonally adjusted,
BDCQ.SF1BB1CS,2018.09,1372.723,,R,Dollars,6,Business Data Collection - BDC,Industry by financial variable (NZSIOC Level 2),Sales (operating income),Mining,Current prices,Seasonally adjusted,
BDCQ.SF1BB1CS,2018.12,1230.969,,R,Dollars,6,Business Data Collection - BDC,Industry by financial variable (NZSIOC Level 2),Sales (operating income),Mining,Current prices,Seasonally adjusted,
BDCQ.SF1BB1CS,2019.03,1115.478,,R,Dollars,6,Business Data Collection - BDC,Industry by financial variable (NZSIOC Level 2),Sales (operating income),Mining,Current prices,Seasonally adjusted,
BDCQ.SF1BB1CS,2019.06,1210.962,,R,Dollars,6,Business Data Collection - BDC,Industry by financial variable (NZSIOC Level 2),Sales (operating income),Mining,Current prices,Seasonally adjusted,
BDCQ.SF1BB1CS,2019.09,1234.819,,R,Dollars,6,Business Data Collection - BDC,Industry by financial variable (NZSIOC Level 2),Sales (operating income),Mining,Current prices,Seasonally adjusted,
BDCQ.SF1BB1CS,2019.12,1276.337,,R,Dollars,6,Business Data Collection - BDC,Industry by financial variable (NZSIOC Level 2),Sales (operating income),Mining,Current prices,Seasonally adjusted,
BDCQ.SF1BB1CS,2020.03,1080.713,,R,Dollars,6,Business Data Collection - BDC,Industry by financial variable (NZSIOC Level 2),Sales (operating income),Mining,Current prices,Seasonally adjusted,
BDCQ.SF1BB1CS,2020.06,847.349,,R,Dollars,6,Business Data Collection - BDC,Industry by financial variable (NZSIOC Level 2),Sales (operating income),Mining,Current prices,Seasonally adjusted,
BDCQ.SF1BB1CS,2020.09,925.547,,R,Dollars,6,Business Data Collection - BDC,Industry by financial variable (NZSIOC Level 2),Sales (operating income),Mining,Current prices,Seasonally adjusted,
BDCQ.SF1BB1CS,2020.12,1085.539,,R,Dollars,6,Business Data Collection - BDC,Industry by financial variable (NZSIOC Level 2),Sales (operating income),Mining,Current prices,Seasonally adjusted,
BDCQ.SF1BB1CS,2021.03,1063.775,,R,Dollars,6,Business Data Collection - BDC,Industry by financial variable (NZSIOC Level 2),Sales (operating income),Mining,Current prices,Seasonally adjusted,
BDCQ.SF1BB1CS,2021.06,1077.447,,R,Dollars,6,Business Data Collection - BDC,Industry by financial variable (NZSIOC Level 2),Sales (operating income),Mining,Current prices,Seasonally adjusted,
BDCQ.SF1BB1CS,2021.09,1151.861,,F,Dollars,6,Business Data Collection - BDC,Industry by financial variable (NZSIOC Level 2),Sales (operating income),Mining,Current prices,Seasonally adjusted,
BDCQ.SF1BB1CT,2016.06,1116.391,,R,Dollars,6,Business Data Collection - BDC,Industry by financial variable (NZSIOC Level 2),Sales (operating income),Mining,Current prices,Trend,
BDCQ.SF1BB1CT,2016.09,1117.962,,R,Dollars,6,Business Data Collection - BDC,Industry by financial variable (NZSIOC Level 2),Sales (operating income),Mining,Current prices,Trend,
BDCQ.SF1BB1CT,2016.12,1099.874,,R,Dollars,6,Business Data Collection - BDC,Industry by financial variable (NZSIOC Level 2),Sales (operating income),Mining,Current prices,Trend,
BDCQ.SF1BB1CT,2017.03,1094.298,,R,Dollars,6,Business Data Collection - BDC,Industry by financial variable (NZSIOC Level 2),Sales (operating income),Mining,Current prices,Trend,
BDCQ.SF1BB1CT,2017.06,1085.074,,R,Dollars,6,Business Data Collection - BDC,Industry by financial variable (NZSIOC Level 2),Sales (operating income),Mining,Current prices,Trend,
BDCQ.SF1BB1CT,2017.09,1175.875,,R,Dollars,6,Business Data Collection - BDC,Industry by financial variable (NZSIOC Level 2),Sales (operating income),Mining,Current prices,Trend,
BDCQ.SF1BB1CT,2017.12,1266.068,,R,Dollars,6,Business Data Collection - BDC,Industry by financial variable (NZSIOC Level 2),Sales (operating income),Mining,Current prices,Trend,
BDCQ.SF1BB1CT,2018.03,1248.019,,R,Dollars,6,Business Data Collection - BDC,Industry by financial variable (NZSIOC Level 2),Sales (operating income),Mining,Current prices,Trend,
BDCQ.SF1BB1CT,2018.06,1184.137,,R,Dollars,6,Business Data Collection - BDC,Industry by financial variable (NZSIOC Level 2),Sales (operating income),Mining,Current prices,Trend,
BDCQ.SF1BB1CT,2018.09,1233.469,,R,Dollars,6,Business Data Collection - BDC,Industry by financial variable (NZSIOC Level 2),Sales (operating income),Mining,Current prices,Trend,
BDCQ.SF1BB1CT,2018.12,1213.445,,R,Dollars,6,Business Data Collection - BDC,Industry by financial variable (NZSIOC Level 2),Sales (operating income),Mining,Current prices,Trend,
BDCQ.SF1BB1CT,2019.03,1157.945,,R,Dollars,6,Business Data Collection - BDC,Industry by financial variable (NZSIOC Level 2),Sales (operating income),Mining,Current prices,Trend,
BDCQ.SF1BB1CT,2019.06,1183.655,,R,Dollars,6,Business Data Collection - BDC,Industry by financial variable (NZSIOC Level 2),Sales (operating income),Mining,Current prices,Trend,
BDCQ.SF1BB1CT,2019.09,1260.084,,R,Dollars,6,Business Data Collection - BDC,Industry by financial variable (NZSIOC Level 2),Sales (operating income),Mining,Current prices,Trend,
BDCQ.SF1BB1CT,2019.12,1242.986,,R,Dollars,6,Business Data Collection - BDC,Industry by financial variable (NZSIOC Level 2),Sales (operating income),Mining,Current prices,Trend,
BDCQ.SF1BB1CT,2020.03,1069.707,,R,Dollars,6,Business Data Collection - BDC,Industry by financial variable (NZSIOC Level 2),Sales (operating income),Mining,Current prices,Trend,
BDCQ.SF1BB1CT,2020.06,889.868,,R,Dollars,6,Business Data Collection - BDC,Industry by financial variable (NZSIOC Level 2),Sales (operating income),Mining,Current prices,Trend,
BDCQ.SF1BB1CT,2020.09,928.028,,R,Dollars,6,Business Data Collection - BDC,Industry by financial variable (NZSIOC Level 2),Sales (operating income),Mining,Current prices,Trend,
BDCQ.SF1BB1CT,2020.12,1050.24,,R,Dollars,6,Business Data Collection - BDC,Industry by financial variable (NZSIOC Level 2),Sales (operating income),Mining,Current prices,Trend,
BDCQ.SF1BB1CT,2021.03,1077.865,,R,Dollars,6,Business Data Collection - BDC,Industry by financial variable (NZSIOC Level 2),Sales (operating income),Mining,Current prices,Trend,
BDCQ.SF1BB1CT,2021.06,1089.526,,R,Dollars,6,Business Data Collection - BDC,Industry by financial variable (NZSIOC Level 2),Sales (operating income),Mining,Current prices,Trend,
BDCQ.SF1BB1CT,2021.09,1140.711,,F,Dollars,6,Business Data Collection - BDC,Industry by financial variable (NZSIOC Level 2),Sales (operating income),Mining,Current prices,Trend,
BDCQ.SF1BBCA,2016.06,1119.02,,F,Dollars,6,Business Data Collection - BDC,Industry by financial variable (NZSIOC Level 1),Sales (operating income),Mining,Current,Unadjusted,
BDCQ.SF1BBCA,2016.09,1101.412,,F,Dollars,6,Business Data Collection - BDC,Industry by financial variable (NZSIOC Level 1),Sales (operating income),Mining,Current,Unadjusted,
BDCQ.SF1BBCA,2016.12,1139.459,,F,Dollars,6,Business Data Collection - BDC,Industry by financial variable (NZSIOC Level 1),Sales (operating income),Mining,Current,Unadjusted,
BDCQ.SF1BBCA,2017.03,1040.5,,F,Dollars,6,Business Data Collection - BDC,Industry by financial variable (NZSIOC Level 1),Sales (operating income),Mining,Current,Unadjusted,
BDCQ.SF1BBCA,2017.06,1150.976,,F,Dollars,6,Business Data Collection - BDC,Industry by financial variable (NZSIOC Level 1),Sales (operating income),Mining,Current,Unadjusted,
BDCQ.SF1BBCA,2017.09,1084.658,,F,Dollars,6,Business Data Collection - BDC,Industry by financial variable (NZSIOC Level 1),Sales (operating income),Mining,Current,Unadjusted,
BDCQ.SF1BBCA,2017.12,1352.84,,F,Dollars,6,Business Data Collection - BDC,Industry by financial variable (NZSIOC Level 1),Sales (operating income),Mining,Current,Unadjusted,
BDCQ.SF1BBCA,2018.03,1224.534,,F,Dollars,6,Business Data Collection - BDC,Industry by financial variable (NZSIOC Level 1),Sales (operating income),Mining,Current,Unadjusted,
BDCQ.SF1BBCA,2018.06,1105.167,,F,Dollars,6,Business Data Collection - BDC,Industry by financial variable (NZSIOC Level 1),Sales (operating income),Mining,Current,Unadjusted,
BDCQ.SF1BBCA,2018.09,1372.723,,F,Dollars,6,Business Data Collection - BDC,Industry by financial variable (NZSIOC Level 1),Sales (operating income),Mining,Current,Unadjusted,
BDCQ.SF1BBCA,2018.12,1230.969,,F,Dollars,6,Business Data Collection - BDC,Industry by financial variable (NZSIOC Level 1),Sales (operating income),Mining,Current,Unadjusted,
BDCQ.SF1BBCA,2019.03,1115.478,,F,Dollars,6,Business Data Collection - BDC,Industry by financial variable (NZSIOC Level 1),Sales (operating income),Mining,Current,Unadjusted,
BDCQ.SF1BBCA,2019.06,1210.962,,F,Dollars,6,Business Data Collection - BDC,Industry by financial variable (NZSIOC Level 1),Sales (operating income),Mining,Current,Unadjusted,
BDCQ.SF1BBCA,2019.09,1234.819,,F,Dollars,6,Business Data Collection - BDC,Industry by financial variable (NZSIOC Level 1),Sales (operating income),Mining,Current,Unadjusted,
BDCQ.SF1BBCA,2019.12,1276.337,,F,Dollars,6,Business Data Collection - BDC,Industry by financial variable (NZSIOC Level 1),Sales (operating income),Mining,Current,Unadjusted,
BDCQ.SF1BBCA,2020.03,1080.713,,F,Dollars,6,Business Data Collection - BDC,Industry by financial variable (NZSIOC Level 1),Sales (operating income),Mining,Current,Unadjusted,
BDCQ.SF1BBCA,2020.06,847.349,,F,Dollars,6,Business Data Collection - BDC,Industry by financial variable (NZSIOC Level 1),Sales (operating income),Mining,Current,Unadjusted,
BDCQ.SF1BBCA,2020.09,925.547,,F,Dollars,6,Business Data Collection - BDC,Industry by financial variable (NZSIOC Level 1),Sales (operating income),Mining,Current,Unadjusted,
BDCQ.SF1BBCA,2020.12,1085.539,,F,Dollars,6,Business Data Collection - BDC,Industry by financial variable (NZSIOC Level 1),Sales (operating income),Mining,Current,Unadjusted,
BDCQ.SF1BBCA,2021.03,1063.775,,F,Dollars,6,Business Data Collection - BDC,Industry by financial variable (NZSIOC Level 1),Sales (operating income),Mining,Current,Unadjusted,
BDCQ.SF1BBCA,2021.06,1077.447,,F,Dollars,6,Business Data Collection - BDC,Industry by financial variable (NZSIOC Level 1),Sales (operating income),Mining,Current,Unadjusted,
BDCQ.SF1BBCA,2021.09,1151.861,,F,Dollars,6,Business Data Collection - BDC,Industry by financial variable (NZSIOC Level 1),Sales (operating income),Mining,Current,Unadjusted,
BDCQ.SF1BBCS,2016.06,1119.02,,R,Dollars,6,Business Data Collection - BDC,Industry by financial variable (NZSIOC Level 1),Sales (operating income),Mining,Current,Seasonally adjusted,
BDCQ.SF1BBCS,2016.09,1101.412,,R,Dollars,6,Business Data Collection - BDC,Industry by financial variable (NZSIOC Level 1),Sales (operating income),Mining,Current,Seasonally adjusted,
BDCQ.SF1BBCS,2016.12,1139.459,,R,Dollars,6,Business Data Collection - BDC,Industry by financial variable (NZSIOC Level 1),Sales (operating income),Mining,Current,Seasonally adjusted,
BDCQ.SF1BBCS,2017.03,1040.5,,R,Dollars,6,Business Data Collection - BDC,Industry by financial variable (NZSIOC Level 1),Sales (operating income),Mining,Current,Seasonally adjusted,
BDCQ.SF1BBCS,2017.06,1150.976,,R,Dollars,6,Business Data Collection - BDC,Industry by financial variable (NZSIOC Level 1),Sales (operating income),Mining,Current,Seasonally adjusted,
BDCQ.SF1BBCS,2017.09,1084.658,,R,Dollars,6,Business Data Collection - BDC,Industry by financial variable (NZSIOC Level 1),Sales (operating income),Mining,Current,Seasonally adjusted,
BDCQ.SF1BBCS,2017.12,1352.84,,R,Dollars,6,Business Data Collection - BDC,Industry by financial variable (NZSIOC Level 1),Sales (operating income),Mining,Current,Seasonally adjusted,
BDCQ.SF1BBCS,2018.03,1224.534,,R,Dollars,6,Business Data Collection - BDC,Industry by financial variable (NZSIOC Level 1),Sales (operating income),Mining,Current,Seasonally adjusted,
BDCQ.SF1BBCS,2018.06,1105.167,,R,Dollars,6,Business Data Collection - BDC,Industry by financial variable (NZSIOC Level 1),Sales (operating income),Mining,Current,Seasonally adjusted,
BDCQ.SF1BBCS,2018.09,1372.723,,R,Dollars,6,Business Data Collection - BDC,Industry by financial variable (NZSIOC Level 1),Sales (operating income),Mining,Current,Seasonally adjusted,
BDCQ.SF1BBCS,2018.12,1230.969,,R,Dollars,6,Business Data Collection - BDC,Industry by financial variable (NZSIOC Level 1),Sales (operating income),Mining,Current,Seasonally adjusted,
BDCQ.SF1BBCS,2019.03,1115.478,,R,Dollars,6,Business Data Collection - BDC,Industry by financial variable (NZSIOC Level 1),Sales (operating income),Mining,Current,Seasonally adjusted,
BDCQ.SF1BBCS,2019.06,1210.962,,R,Dollars,6,Business Data Collection - BDC,Industry by financial variable (NZSIOC Level 1),Sales (operating income),Mining,Current,Seasonally adjusted,
BDCQ.SF1BBCS,2019.09,1234.819,,R,Dollars,6,Business Data Collection - BDC,Industry by financial variable (NZSIOC Level 1),Sales (operating income),Mining,Current,Seasonally adjusted,
BDCQ.SF1BBCS,2019.12,1276.337,,R,Dollars,6,Business Data Collection - BDC,Industry by financial variable (NZSIOC Level 1),Sales (operating income),Mining,Current,Seasonally adjusted,
BDCQ.SF1BBCS,2020.03,1080.713,,R,Dollars,6,Business Data Collection - BDC,Industry by financial variable (NZSIOC Level 1),Sales (operating income),Mining,Current,Seasonally adjusted,
BDCQ.SF1BBCS,2020.06,847.349,,R,Dollars,6,Business Data Collection - BDC,Industry by financial variable (NZSIOC Level 1),Sales (operating income),Mining,Current,Seasonally adjusted,
BDCQ.SF1BBCS,2020.09,925.547,,R,Dollars,6,Business Data Collection - BDC,Industry by financial variable (NZSIOC Level 1),Sales (operating income),Mining,Current,Seasonally adjusted,
BDCQ.SF1BBCS,2020.12,1085.539,,R,Dollars,6,Business Data Collection - BDC,Industry by financial variable (NZSIOC Level 1),Sales (operating income),Mining,Current,Seasonally adjusted,
BDCQ.SF1BBCS,2021.03,1063.775,,R,Dollars,6,Business Data Collection - BDC,Industry by financial variable (NZSIOC Level 1),Sales (operating income),Mining,Current,Seasonally adjusted,
BDCQ.SF1BBCS,2021.06,1077.447,,R,Dollars,6,Business Data Collection - BDC,Industry by financial variable (NZSIOC Level 1),Sales (operating income),Mining,Current,Seasonally adjusted,
BDCQ.SF1BBCS,2021.09,1151.861,,F,Dollars,6,Business Data Collection - BDC,Industry by financial variable (NZSIOC Level 1),Sales (operating income),Mining,Current,Seasonally adjusted,
BDCQ.SF1BBCT,2016.06,1116.391,,R,Dollars,6,Business Data Collection - BDC,Industry by financial variable (NZSIOC Level 1),Sales (operating income),Mining,Current,Trend,
BDCQ.SF1BBCT,2016.09,1117.962,,R,Dollars,6,Business Data Collection - BDC,Industry by financial variable (NZSIOC Level 1),Sales (operating income),Mining,Current,Trend,
BDCQ.SF1BBCT,2016.12,1099.874,,R,Dollars,6,Business Data Collection - BDC,Industry by financial variable (NZSIOC Level 1),Sales (operating income),Mining,Current,Trend,
BDCQ.SF1BBCT,2017.03,1094.298,,R,Dollars,6,Business Data Collection - BDC,Industry by financial variable (NZSIOC Level 1),Sales (operating income),Mining,Current,Trend,
BDCQ.SF1BBCT,2017.06,1085.074,,R,Dollars,6,Business Data Collection - BDC,Industry by financial variable (NZSIOC Level 1),Sales (operating income),Mining,Current,Trend,
BDCQ.SF1BBCT,2017.09,1175.875,,R,Dollars,6,Business Data Collection - BDC,Industry by financial variable (NZSIOC Level 1),Sales (operating income),Mining,Current,Trend,
BDCQ.SF1BBCT,2017.12,1266.068,,R,Dollars,6,Business Data Collection - BDC,Industry by financial variable (NZSIOC Level 1),Sales (operating income),Mining,Current,Trend,
BDCQ.SF1BBCT,2018.03,1248.019,,R,Dollars,6,Business Data Collection - BDC,Industry by financial variable (NZSIOC Level 1),Sales (operating income),Mining,Current,Trend,
BDCQ.SF1BBCT,2018.06,1184.137,,R,Dollars,6,Business Data Collection - BDC,Industry by financial variable (NZSIOC Level 1),Sales (operating income),Mining,Current,Trend,
BDCQ.SF1BBCT,2018.09,1233.469,,R,Dollars,6,Business Data Collection - BDC,Industry by financial variable (NZSIOC Level 1),Sales (operating income),Mining,Current,Trend,
BDCQ.SF1BBCT,2018.12,1213.445,,R,Dollars,6,Business Data Collection - BDC,Industry by financial variable (NZSIOC Level 1),Sales (operating income),Mining,Current,Trend,
BDCQ.SF1BBCT,2019.03,1157.945,,R,Dollars,6,Business Data Collection - BDC,Industry by financial variable (NZSIOC Level 1),Sales (operating income),Mining,Current,Trend,
BDCQ.SF1BBCT,2019.06,1183.655,,R,Dollars,6,Business Data Collection - BDC,Industry by financial variable (NZSIOC Level 1),Sales (operating income),Mining,Current,Trend,
BDCQ.SF1BBCT,2019.09,1260.084,,R,Dollars,6,Business Data Collection - BDC,Industry by financial variable (NZSIOC Level 1),Sales (operating income),Mining,Current,Trend,
BDCQ.SF1BBCT,2019.12,1242.986,,R,Dollars,6,Business Data Collection - BDC,Industry by financial variable (NZSIOC Level 1),Sales (operating income),Mining,Current,Trend,
BDCQ.SF1BBCT,2020.03,1069.707,,R,Dollars,6,Business Data Collection - BDC,Industry by financial variable (NZSIOC Level 1),Sales (operating income),Mining,Current,Trend,
BDCQ.SF1BBCT,2020.06,889.868,,R,Dollars,6,Business Data Collection - BDC,Industry by financial variable (NZSIOC Level 1),Sales (operating income),Mining,Current,Trend,
BDCQ.SF1BBCT,2020.09,928.028,,R,Dollars,6,Business Data Collection - BDC,Industry by financial variable (NZSIOC Level 1),Sales (operating income),Mining,Current,Trend,
BDCQ.SF1BBCT,2020.12,1050.24,,R,Dollars,6,Business Data Collection - BDC,Industry by financial variable (NZSIOC Level 1),Sales (operating income),Mining,Current,Trend,
BDCQ.SF1BBCT,2021.03,1077.865,,R,Dollars,6,Business Data Collection - BDC,Industry by financial variable (NZSIOC Level 1),Sales (operating income),Mining,Current,Trend,
BDCQ.SF1BBCT,2021.06,1089.526,,R,Dollars,6,Business Data Collection - BDC,Industry by financial variable (NZSIOC Level 1),Sales (operating income),Mining,Current,Trend,
BDCQ.SF1BBCT,2021.09,1140.711,,F,Dollars,6,Business Data Collection - BDC,Industry by financial variable (NZSIOC Level 1),Sales (operating income),Mining,Current,Trend,
BDCQ.SF1CC1CA,2016.06,10624.465,,F,Dollars,6,Business Data Collection - BDC,Industry by financial variable (NZSIOC Level 2),Sales (operating income),"Food, Beverage and Tobacco Product Manufacturing",Current prices,Unadjusted,
BDCQ.SF1CC1CA,2016.09,9110.709,,F,Dollars,6,Business Data Collection - BDC,Industry by financial variable (NZSIOC Level 2),Sales (operating income),"Food, Beverage and Tobacco Product Manufacturing",Current prices,Unadjusted,
BDCQ.SF1CC1CA,2016.12,12084.429,,F,Dollars,6,Business Data Collection - BDC,Industry by financial variable (NZSIOC Level 2),Sales (operating income),"Food, Beverage and Tobacco Product Manufacturing",Current prices,Unadjusted,
BDCQ.SF1CC1CA,2017.03,11804.216,,F,Dollars,6,Business Data Collection - BDC,Industry by financial variable (NZSIOC Level 2),Sales (operating income),"Food, Beverage and Tobacco Product Manufacturing",Current prices,Unadjusted,
BDCQ.SF1CC1CA,2017.06,12150.005,,F,Dollars,6,Business Data Collection - BDC,Industry by financial variable (NZSIOC Level 2),Sales (operating income),"Food, Beverage and Tobacco Product Manufacturing",Current prices,Unadjusted,
BDCQ.SF1CC1CA,2017.09,10399.584,,F,Dollars,6,Business Data Collection - BDC,Industry by financial variable (NZSIOC Level 2),Sales (operating income),"Food, Beverage and Tobacco Product Manufacturing",Current prices,Unadjusted,
BDCQ.SF1CC1CA,2017.12,13705.071,,F,Dollars,6,Business Data Collection - BDC,Industry by financial variable (NZSIOC Level 2),Sales (operating income),"Food, Beverage and Tobacco Product Manufacturing",Current prices,Unadjusted,
BDCQ.SF1CC1CA,2018.03,12745.412,,F,Dollars,6,Business Data Collection - BDC,Industry by financial variable (NZSIOC Level 2),Sales (operating income),"Food, Beverage and Tobacco Product Manufacturing",Current prices,Unadjusted,
BDCQ.SF1CC1CA,2018.06,12574.246,,F,Dollars,6,Business Data Collection - BDC,Industry by financial variable (NZSIOC Level 2),Sales (operating income),"Food, Beverage and Tobacco Product Manufacturing",Current prices,Unadjusted,
BDCQ.SF1CC1CA,2018.09,10633.605,,F,Dollars,6,Business Data Collection - BDC,Industry by financial variable (NZSIOC Level 2),Sales (operating income),"Food, Beverage and Tobacco Product Manufacturing",Current prices,Unadjusted,
BDCQ.SF1CC1CA,2018.12,13806.468,,F,Dollars,6,Business Data Collection - BDC,Industry by financial variable (NZSIOC Level 2),Sales (operating income),"Food, Beverage and Tobacco Product Manufacturing",Current prices,Unadjusted,
BDCQ.SF1CC1CA,2019.03,13704.407,,F,Dollars,6,Business Data Collection - BDC,Industry by financial variable (NZSIOC Level 2),Sales (operating income),"Food, Beverage and Tobacco Product Manufacturing",Current prices,Unadjusted,
BDCQ.SF1CC1CA,2019.06,13035.873,,F,Dollars,6,Business Data Collection - BDC,Industry by financial variable (NZSIOC Level 2),Sales (operating income),"Food, Beverage and Tobacco Product Manufacturing",Current prices,Unadjusted,
BDCQ.SF1CC1CA,2019.09,11170.665,,F,Dollars,6,Business Data Collection - BDC,Industry by financial variable (NZSIOC Level 2),Sales (operating income),"Food, Beverage and Tobacco Product Manufacturing",Current prices,Unadjusted,
BDCQ.SF1CC1CA,2019.12,15202.125,,F,Dollars,6,Business Data Collection - BDC,Industry by financial variable (NZSIOC Level 2),Sales (operating income),"Food, Beverage and Tobacco Product Manufacturing",Current prices,Unadjusted,
BDCQ.SF1CC1CA,2020.03,14614.474,,F,Dollars,6,Business Data Collection - BDC,Industry by financial variable (NZSIOC Level 2),Sales (operating income),"Food, Beverage and Tobacco Product Manufacturing",Current prices,Unadjusted,
BDCQ.SF1CC1CA,2020.06,13680.374,,F,Dollars,6,Business Data Collection - BDC,Industry by financial variable (NZSIOC Level 2),Sales (operating income),"Food, Beverage and Tobacco Product Manufacturing",Current prices,Unadjusted,
BDCQ.SF1CC1CA,2020.09,11417.616,,F,Dollars,6,Business Data Collection - BDC,Industry by financial variable (NZSIOC Level 2),Sales (operating income),"Food, Beverage and Tobacco Product Manufacturing",Current prices,Unadjusted,
BDCQ.SF1CC1CA,2020.12,14511.515,,F,Dollars,6,Business Data Collection - BDC,Industry by financial variable (NZSIOC Level 2),Sales (operating income),"Food, Beverage and Tobacco Product Manufacturing",Current prices,Unadjusted,
BDCQ.SF1CC1CA,2021.03,14123.426,,F,Dollars,6,Business Data Collection - BDC,Industry by financial variable (NZSIOC Level 2),Sales (operating income),"Food, Beverage and Tobacco Product Manufacturing",Current prices,Unadjusted,
BDCQ.SF1CC1CA,2021.06,14295.535,,F,Dollars,6,Business Data Collection - BDC,Industry by financial variable (NZSIOC Level 2),Sales (operating income),"Food, Beverage and Tobacco Product Manufacturing",Current prices,Unadjusted,
BDCQ.SF1CC1CA,2021.09,12362.653,,F,Dollars,6,Business Data Collection - BDC,Industry by financial variable (NZSIOC Level 2),Sales (operating income),"Food, Beverage and Tobacco Product Manufacturing",Current prices,Unadjusted,
BDCQ.SF1CC1CS,2016.06,10645.383,,R,Dollars,6,Business Data Collection - BDC,Industry by financial variable (NZSIOC Level 2),Sales (operating income),"Food, Beverage and Tobacco Product Manufacturing",Current prices,Seasonally adjusted,
BDCQ.SF1CC1CS,2016.09,10747.397,,R,Dollars,6,Business Data Collection - BDC,Industry by financial variable (NZSIOC Level 2),Sales (operating income),"Food, Beverage and Tobacco Product Manufacturing",Current prices,Seasonally adjusted,
BDCQ.SF1CC1CS,2016.12,10993.343,,R,Dollars,6,Business Data Collection - BDC,Industry by financial variable (NZSIOC Level 2),Sales (operating income),"Food, Beverage and Tobacco Product Manufacturing",Current prices,Seasonally adjusted,
BDCQ.SF1CC1CS,2017.03,11224.685,,R,Dollars,6,Business Data Collection - BDC,Industry by financial variable (NZSIOC Level 2),Sales (operating income),"Food, Beverage and Tobacco Product Manufacturing",Current prices,Seasonally adjusted,
BDCQ.SF1CC1CS,2017.06,12124.695,,R,Dollars,6,Business Data Collection - BDC,Industry by financial variable (NZSIOC Level 2),Sales (operating income),"Food, Beverage and Tobacco Product Manufacturing",Current prices,Seasonally adjusted,
BDCQ.SF1CC1CS,2017.09,12264.04,,R,Dollars,6,Business Data Collection - BDC,Industry by financial variable (NZSIOC Level 2),Sales (operating income),"Food, Beverage and Tobacco Product Manufacturing",Current prices,Seasonally adjusted,
BDCQ.SF1CC1CS,2017.12,12471.684,,R,Dollars,6,Business Data Collection - BDC,Industry by financial variable (NZSIOC Level 2),Sales (operating income),"Food, Beverage and Tobacco Product Manufacturing",Current prices,Seasonally adjusted,
BDCQ.SF1CC1CS,2018.03,12149.169,,R,Dollars,6,Business Data Collection - BDC,Industry by financial variable (NZSIOC Level 2),Sales (operating income),"Food, Beverage and Tobacco Product Manufacturing",Current prices,Seasonally adjusted,
BDCQ.SF1CC1CS,2018.06,12507.962,,R,Dollars,6,Business Data Collection - BDC,Industry by financial variable (NZSIOC Level 2),Sales (operating income),"Food, Beverage and Tobacco Product Manufacturing",Current prices,Seasonally adjusted,
BDCQ.SF1CC1CS,2018.09,12564.986,,R,Dollars,6,Business Data Collection - BDC,Industry by financial variable (NZSIOC Level 2),Sales (operating income),"Food, Beverage and Tobacco Product Manufacturing",Current prices,Seasonally adjusted,
BDCQ.SF1CC1CS,2018.12,12555.654,,R,Dollars,6,Business Data Collection - BDC,Industry by financial variable (NZSIOC Level 2),Sales (operating income),"Food, Beverage and Tobacco Product Manufacturing",Current prices,Seasonally adjusted,
BDCQ.SF1CC1CS,2019.03,13075.346,,R,Dollars,6,Business Data Collection - BDC,Industry by financial variable (NZSIOC Level 2),Sales (operating income),"Food, Beverage and Tobacco Product Manufacturing",Current prices,Seasonally adjusted,
BDCQ.SF1CC1CS,2019.06,12943.344,,R,Dollars,6,Business Data Collection - BDC,Industry by financial variable (NZSIOC Level 2),Sales (operating income),"Food, Beverage and Tobacco Product Manufacturing",Current prices,Seasonally adjusted,
BDCQ.SF1CC1CS,2019.09,13223.701,,R,Dollars,6,Business Data Collection - BDC,Industry by financial variable (NZSIOC Level 2),Sales (operating income),"Food, Beverage and Tobacco Product Manufacturing",Current prices,Seasonally adjusted,
BDCQ.SF1CC1CS,2019.12,13831.987,,R,Dollars,6,Business Data Collection - BDC,Industry by financial variable (NZSIOC Level 2),Sales (operating income),"Food, Beverage and Tobacco Product Manufacturing",Current prices,Seasonally adjusted,
BDCQ.SF1CC1CS,2020.03,13922.749,,R,Dollars,6,Business Data Collection - BDC,Industry by financial variable (NZSIOC Level 2),Sales (operating income),"Food, Beverage and Tobacco Product Manufacturing",Current prices,Seasonally adjusted,
BDCQ.SF1CC1CS,2020.06,13583.868,,R,Dollars,6,Business Data Collection - BDC,Industry by financial variable (NZSIOC Level 2),Sales (operating income),"Food, Beverage and Tobacco Product Manufacturing",Current prices,Seasonally adjusted,
BDCQ.SF1CC1CS,2020.09,13531.275,,R,Dollars,6,Business Data Collection - BDC,Industry by financial variable (NZSIOC Level 2),Sales (operating income),"Food, Beverage and Tobacco Product Manufacturing",Current prices,Seasonally adjusted,
BDCQ.SF1CC1CS,2020.12,13212.925,,R,Dollars,6,Business Data Collection - BDC,Industry by financial variable (NZSIOC Level 2),Sales (operating income),"Food, Beverage and Tobacco Product Manufacturing",Current prices,Seasonally adjusted,
BDCQ.SF1CC1CS,2021.03,13425.766,,R,Dollars,6,Business Data Collection - BDC,Industry by financial variable (NZSIOC Level 2),Sales (operating income),"Food, Beverage and Tobacco Product Manufacturing",Current prices,Seasonally adjusted,
BDCQ.SF1CC1CS,2021.06,14212.49,,R,Dollars,6,Business Data Collection - BDC,Industry by financial variable (NZSIOC Level 2),Sales (operating income),"Food, Beverage and Tobacco Product Manufacturing",Current prices,Seasonally adjusted,
BDCQ.SF1CC1CS,2021.09,14655.585,,F,Dollars,6,Business Data Collection - BDC,Industry by financial variable (NZSIOC Level 2),Sales (operating income),"Food, Beverage and Tobacco Product Manufacturing",Current prices,Seasonally adjusted,
BDCQ.SF1CC1CT,2016.06,10658.511,,R,Dollars,6,Business Data Collection - BDC,Industry by financial variable (NZSIOC Level 2),Sales (operating income),"Food, Beverage and Tobacco Product Manufacturing",Current prices,Trend,
BDCQ.SF1CC1CT,2016.09,10756.576,,R,Dollars,6,Business Data Collection - BDC,Industry by financial variable (NZSIOC Level 2),Sales (operating income),"Food, Beverage and Tobacco Product Manufacturing",Current prices,Trend,
BDCQ.SF1CC1CT,2016.12,10931.532,,R,Dollars,6,Business Data Collection - BDC,Industry by financial variable (NZSIOC Level 2),Sales (operating income),"Food, Beverage and Tobacco Product Manufacturing",Current prices,Trend,
BDCQ.SF1CC1CT,2017.03,11379.806,,R,Dollars,6,Business Data Collection - BDC,Industry by financial variable (NZSIOC Level 2),Sales (operating income),"Food, Beverage and Tobacco Product Manufacturing",Current prices,Trend,
BDCQ.SF1CC1CT,2017.06,11958.876,,R,Dollars,6,Business Data Collection - BDC,Industry by financial variable (NZSIOC Level 2),Sales (operating income),"Food, Beverage and Tobacco Product Manufacturing",Current prices,Trend,
BDCQ.SF1CC1CT,2017.09,12368.851,,R,Dollars,6,Business Data Collection - BDC,Industry by financial variable (NZSIOC Level 2),Sales (operating income),"Food, Beverage and Tobacco Product Manufacturing",Current prices,Trend,
BDCQ.SF1CC1CT,2017.12,12338.788,,R,Dollars,6,Business Data Collection - BDC,Industry by financial variable (NZSIOC Level 2),Sales (operating income),"Food, Beverage and Tobacco Product Manufacturing",Current prices,Trend,
BDCQ.SF1CC1CT,2018.03,12310.307,,R,Dollars,6,Business Data Collection - BDC,Industry by financial variable (NZSIOC Level 2),Sales (operating income),"Food, Beverage and Tobacco Product Manufacturing",Current prices,Trend,
BDCQ.SF1CC1CT,2018.06,12418.492,,R,Dollars,6,Business Data Collection - BDC,Industry by financial variable (NZSIOC Level 2),Sales (operating income),"Food, Beverage and Tobacco Product Manufacturing",Current prices,Trend,
BDCQ.SF1CC1CT,2018.09,12538.555,,R,Dollars,6,Business Data Collection - BDC,Industry by financial variable (NZSIOC Level 2),Sales (operating income),"Food, Beverage and Tobacco Product Manufacturing",Current prices,Trend,
BDCQ.SF1CC1CT,2018.12,12686.067,,R,Dollars,6,Business Data Collection - BDC,Industry by financial variable (NZSIOC Level 2),Sales (operating income),"Food, Beverage and Tobacco Product Manufacturing",Current prices,Trend,
BDCQ.SF1CC1CT,2019.03,12910.52,,R,Dollars,6,Business Data Collection - BDC,Industry by financial variable (NZSIOC Level 2),Sales (operating income),"Food, Beverage and Tobacco Product Manufacturing",Current prices,Trend,
BDCQ.SF1CC1CT,2019.06,13027.673,,R,Dollars,6,Business Data Collection - BDC,Industry by financial variable (NZSIOC Level 2),Sales (operating income),"Food, Beverage and Tobacco Product Manufacturing",Current prices,Trend,
BDCQ.SF1CC1CT,2019.09,13279.58,,R,Dollars,6,Business Data Collection - BDC,Industry by financial variable (NZSIOC Level 2),Sales (operating income),"Food, Beverage and Tobacco Product Manufacturing",Current prices,Trend,
BDCQ.SF1CC1CT,2019.12,13763.455,,R,Dollars,6,Business Data Collection - BDC,Industry by financial variable (NZSIOC Level 2),Sales (operating income),"Food, Beverage and Tobacco Product Manufacturing",Current prices,Trend,
BDCQ.SF1CC1CT,2020.03,13876.633,,R,Dollars,6,Business Data Collection - BDC,Industry by financial variable (NZSIOC Level 2),Sales (operating income),"Food, Beverage and Tobacco Product Manufacturing",Current prices,Trend,
BDCQ.SF1CC1CT,2020.06,13676.971,,R,Dollars,6,Business Data Collection - BDC,Industry by financial variable (NZSIOC Level 2),Sales (operating income),"Food, Beverage and Tobacco Product Manufacturing",Current prices,Trend,
BDCQ.SF1CC1CT,2020.09,13432.223,,R,Dollars,6,Business Data Collection - BDC,Industry by financial variable (NZSIOC Level 2),Sales (operating income),"Food, Beverage and Tobacco Product Manufacturing",Current prices,Trend,
BDCQ.SF1CC1CT,2020.12,13268.308,,R,Dollars,6,Business Data Collection - BDC,Industry by financial variable (NZSIOC Level 2),Sales (operating income),"Food, Beverage and Tobacco Product Manufacturing",Current prices,Trend,
BDCQ.SF1CC1CT,2021.03,13496.27,,R,Dollars,6,Business Data Collection - BDC,Industry by financial variable (NZSIOC Level 2),Sales (operating income),"Food, Beverage and Tobacco Product Manufacturing",Current prices,Trend,
BDCQ.SF1CC1CT,2021.06,14115.726,,R,Dollars,6,Business Data Collection - BDC,Industry by financial variable (NZSIOC Level 2),Sales (operating income),"Food, Beverage and Tobacco Product Manufacturing",Current prices,Trend,
BDCQ.SF1CC1CT,2021.09,14718.664,,F,Dollars,6,Business Data Collection - BDC,Industry by financial variable (NZSIOC Level 2),Sales (operating income),"Food, Beverage and Tobacco Product Manufacturing",Current prices,Trend,
BDCQ.SF1CC2CA,2016.06,586.399,,F,Dollars,6,Business Data Collection - BDC,Industry by financial variable (NZSIOC Level 2),Sales (operating income),"Textile, Leather, Clothing and Footwear Manufacturing",Current prices,Unadjusted,
BDCQ.SF1CC2CA,2016.09,577.941,,F,Dollars,6,Business Data Collection - BDC,Industry by financial variable (NZSIOC Level 2),Sales (operating income),"Textile, Leather, Clothing and Footwear Manufacturing",Current prices,Unadjusted,
BDCQ.SF1CC2CA,2016.12,571.523,,F,Dollars,6,Business Data Collection - BDC,Industry by financial variable (NZSIOC Level 2),Sales (operating income),"Textile, Leather, Clothing and Footwear Manufacturing",Current prices,Unadjusted,
BDCQ.SF1CC2CA,2017.03,572.279,,F,Dollars,6,Business Data Collection - BDC,Industry by financial variable (NZSIOC Level 2),Sales (operating income),"Textile, Leather, Clothing and Footwear Manufacturing",Current prices,Unadjusted,
BDCQ.SF1CC2CA,2017.06,553.194,,F,Dollars,6,Business Data Collection - BDC,Industry by financial variable (NZSIOC Level 2),Sales (operating income),"Textile, Leather, Clothing and Footwear Manufacturing",Current prices,Unadjusted,
BDCQ.SF1CC2CA,2017.09,541.03,,F,Dollars,6,Business Data Collection - BDC,Industry by financial variable (NZSIOC Level 2),Sales (operating income),"Textile, Leather, Clothing and Footwear Manufacturing",Current prices,Unadjusted,
BDCQ.SF1CC2CA,2017.12,592.754,,F,Dollars,6,Business Data Collection - BDC,Industry by financial variable (NZSIOC Level 2),Sales (operating income),"Textile, Leather, Clothing and Footwear Manufacturing",Current prices,Unadjusted,
BDCQ.SF1CC2CA,2018.03,530.018,,F,Dollars,6,Business Data Collection - BDC,Industry by financial variable (NZSIOC Level 2),Sales (operating income),"Textile, Leather, Clothing and Footwear Manufacturing",Current prices,Unadjusted,
BDCQ.SF1CC2CA,2018.06,556.048,,F,Dollars,6,Business Data Collection - BDC,Industry by financial variable (NZSIOC Level 2),Sales (operating income),"Textile, Leather, Clothing and Footwear Manufacturing",Current prices,Unadjusted,
BDCQ.SF1CC2CA,2018.09,541.341,,F,Dollars,6,Business Data Collection - BDC,Industry by financial variable (NZSIOC Level 2),Sales (operating income),"Textile, Leather, Clothing and Footwear Manufacturing",Current prices,Unadjusted,
BDCQ.SF1CC2CA,2018.12,565.895,,F,Dollars,6,Business Data Collection - BDC,Industry by financial variable (NZSIOC Level 2),Sales (operating income),"Textile, Leather, Clothing and Footwear Manufacturing",Current prices,Unadjusted,
BDCQ.SF1CC2CA,2019.03,527.25,,F,Dollars,6,Business Data Collection - BDC,Industry by financial variable (NZSIOC Level 2),Sales (operating income),"Textile, Leather, Clothing and Footwear Manufacturing",Current prices,Unadjusted,
BDCQ.SF1CC2CA,2019.06,549.739,,F,Dollars,6,Business Data Collection - BDC,Industry by financial variable (NZSIOC Level 2),Sales (operating income),"Textile, Leather, Clothing and Footwear Manufacturing",Current prices,Unadjusted,
BDCQ.SF1CC2CA,2019.09,524.132,,F,Dollars,6,Business Data Collection - BDC,Industry by financial variable (NZSIOC Level 2),Sales (operating income),"Textile, Leather, Clothing and Footwear Manufacturing",Current prices,Unadjusted,
BDCQ.SF1CC2CA,2019.12,516.651,,F,Dollars,6,Business Data Collection - BDC,Industry by financial variable (NZSIOC Level 2),Sales (operating income),"Textile, Leather, Clothing and Footwear Manufacturing",Current prices,Unadjusted,
BDCQ.SF1CC2CA,2020.03,444.847,,F,Dollars,6,Business Data Collection - BDC,Industry by financial variable (NZSIOC Level 2),Sales (operating income),"Textile, Leather, Clothing and Footwear Manufacturing",Current prices,Unadjusted,
BDCQ.SF1CC2CA,2020.06,348.318,,F,Dollars,6,Business Data Collection - BDC,Industry by financial variable (NZSIOC Level 2),Sales (operating income),"Textile, Leather, Clothing and Footwear Manufacturing",Current prices,Unadjusted,
BDCQ.SF1CC2CA,2020.09,503.119,,F,Dollars,6,Business Data Collection - BDC,Industry by financial variable (NZSIOC Level 2),Sales (operating income),"Textile, Leather, Clothing and Footwear Manufacturing",Current prices,Unadjusted,
BDCQ.SF1CC2CA,2020.12,475.924,,F,Dollars,6,Business Data Collection - BDC,Industry by financial variable (NZSIOC Level 2),Sales (operating income),"Textile, Leather, Clothing and Footwear Manufacturing",Current prices,Unadjusted,
BDCQ.SF1CC2CA,2021.03,468.887,,F,Dollars,6,Business Data Collection - BDC,Industry by financial variable (NZSIOC Level 2),Sales (operating income),"Textile, Leather, Clothing and Footwear Manufacturing",Current prices,Unadjusted,
BDCQ.SF1CC2CA,2021.06,490.221,,F,Dollars,6,Business Data Collection - BDC,Industry by financial variable (NZSIOC Level 2),Sales (operating income),"Textile, Leather, Clothing and Footwear Manufacturing",Current prices,Unadjusted,
BDCQ.SF1CC2CA,2021.09,451.072,,F,Dollars,6,Business Data Collection - BDC,Industry by financial variable (NZSIOC Level 2),Sales (operating income),"Textile, Leather, Clothing and Footwear Manufacturing",Current prices,Unadjusted,
BDCQ.SF1CC2CS,2016.06,589.862,,R,Dollars,6,Business Data Collection - BDC,Industry by financial variable (NZSIOC Level 2),Sales (operating income),"Textile, Leather, Clothing and Footwear Manufacturing",Current prices,Seasonally adjusted,
BDCQ.SF1CC2CS,2016.09,580.764,,R,Dollars,6,Business Data Collection - BDC,Industry by financial variable (NZSIOC Level 2),Sales (operating income),"Textile, Leather, Clothing and Footwear Manufacturing",Current prices,Seasonally adjusted,
BDCQ.SF1CC2CS,2016.12,560.397,,R,Dollars,6,Business Data Collection - BDC,Industry by financial variable (NZSIOC Level 2),Sales (operating income),"Textile, Leather, Clothing and Footwear Manufacturing",Current prices,Seasonally adjusted,
BDCQ.SF1CC2CS,2017.03,579.433,,R,Dollars,6,Business Data Collection - BDC,Industry by financial variable (NZSIOC Level 2),Sales (operating income),"Textile, Leather, Clothing and Footwear Manufacturing",Current prices,Seasonally adjusted,
BDCQ.SF1CC2CS,2017.06,553.335,,R,Dollars,6,Business Data Collection - BDC,Industry by financial variable (NZSIOC Level 2),Sales (operating income),"Textile, Leather, Clothing and Footwear Manufacturing",Current prices,Seasonally adjusted,
BDCQ.SF1CC2CS,2017.09,545.345,,R,Dollars,6,Business Data Collection - BDC,Industry by financial variable (NZSIOC Level 2),Sales (operating income),"Textile, Leather, Clothing and Footwear Manufacturing",Current prices,Seasonally adjusted,
BDCQ.SF1CC2CS,2017.12,579.395,,R,Dollars,6,Business Data Collection - BDC,Industry by financial variable (NZSIOC Level 2),Sales (operating income),"Textile, Leather, Clothing and Footwear Manufacturing",Current prices,Seasonally adjusted,
BDCQ.SF1CC2CS,2018.03,540.613,,R,Dollars,6,Business Data Collection - BDC,Industry by financial variable (NZSIOC Level 2),Sales (operating income),"Textile, Leather, Clothing and Footwear Manufacturing",Current prices,Seasonally adjusted,
BDCQ.SF1CC2CS,2018.06,552.416,,R,Dollars,6,Business Data Collection - BDC,Industry by financial variable (NZSIOC Level 2),Sales (operating income),"Textile, Leather, Clothing and Footwear Manufacturing",Current prices,Seasonally adjusted,
BDCQ.SF1CC2CS,2018.09,546.756,,R,Dollars,6,Business Data Collection - BDC,Industry by financial variable (NZSIOC Level 2),Sales (operating income),"Textile, Leather, Clothing and Footwear Manufacturing",Current prices,Seasonally adjusted,
BDCQ.SF1CC2CS,2018.12,551.469,,R,Dollars,6,Business Data Collection - BDC,Industry by financial variable (NZSIOC Level 2),Sales (operating income),"Textile, Leather, Clothing and Footwear Manufacturing",Current prices,Seasonally adjusted,
BDCQ.SF1CC2CS,2019.03,542.746,,R,Dollars,6,Business Data Collection - BDC,Industry by financial variable (NZSIOC Level 2),Sales (operating income),"Textile, Leather, Clothing and Footwear Manufacturing",Current prices,Seasonally adjusted,
BDCQ.SF1CC2CS,2019.06,542.104,,R,Dollars,6,Business Data Collection - BDC,Industry by financial variable (NZSIOC Level 2),Sales (operating income),"Textile, Leather, Clothing and Footwear Manufacturing",Current prices,Seasonally adjusted,
BDCQ.SF1CC2CS,2019.09,529.454,,R,Dollars,6,Business Data Collection - BDC,Industry by financial variable (NZSIOC Level 2),Sales (operating income),"Textile, Leather, Clothing and Footwear Manufacturing",Current prices,Seasonally adjusted,
BDCQ.SF1CC2CS,2019.12,503.66,,R,Dollars,6,Business Data Collection - BDC,Industry by financial variable (NZSIOC Level 2),Sales (operating income),"Textile, Leather, Clothing and Footwear Manufacturing",Current prices,Seasonally adjusted,
BDCQ.SF1CC2CS,2020.03,460.515,,R,Dollars,6,Business Data Collection - BDC,Industry by financial variable (NZSIOC Level 2),Sales (operating income),"Textile, Leather, Clothing and Footwear Manufacturing",Current prices,Seasonally adjusted,
BDCQ.SF1CC2CS,2020.06,341.544,,R,Dollars,6,Business Data Collection - BDC,Industry by financial variable (NZSIOC Level 2),Sales (operating income),"Textile, Leather, Clothing and Footwear Manufacturing",Current prices,Seasonally adjusted,
BDCQ.SF1CC2CS,2020.09,508.309,,R,Dollars,6,Business Data Collection - BDC,Industry by financial variable (NZSIOC Level 2),Sales (operating income),"Textile, Leather, Clothing and Footwear Manufacturing",Current prices,Seasonally adjusted,
BDCQ.SF1CC2CS,2020.12,464.479,,R,Dollars,6,Business Data Collection - BDC,Industry by financial variable (NZSIOC Level 2),Sales (operating income),"Textile, Leather, Clothing and Footwear Manufacturing",Current prices,Seasonally adjusted,
BDCQ.SF1CC2CS,2021.03,486.628,,R,Dollars,6,Business Data Collection - BDC,Industry by financial variable (NZSIOC Level 2),Sales (operating income),"Textile, Leather, Clothing and Footwear Manufacturing",Current prices,Seasonally adjusted,
BDCQ.SF1CC2CS,2021.06,479.424,,R,Dollars,6,Business Data Collection - BDC,Industry by financial variable (NZSIOC Level 2),Sales (operating income),"Textile, Leather, Clothing and Footwear Manufacturing",Current prices,Seasonally adjusted,
BDCQ.SF1CC2CS,2021.09,455.195,,F,Dollars,6,Business Data Collection - BDC,Industry by financial variable (NZSIOC Level 2),Sales (operating income),"Textile, Leather, Clothing and Footwear Manufacturing",Current prices,Seasonally adjusted,
BDCQ.SF1CC2CT,2016.06,599.526,,R,Dollars,6,Business Data Collection - BDC,Industry by financial variable (NZSIOC Level 2),Sales (operating income),"Textile, Leather, Clothing and Footwear Manufacturing",Current prices,Trend,
BDCQ.SF1CC2CT,2016.09,574.224,,R,Dollars,6,Business Data Collection - BDC,Industry by financial variable (NZSIOC Level 2),Sales (operating income),"Textile, Leather, Clothing and Footwear Manufacturing",Current prices,Trend,
BDCQ.SF1CC2CT,2016.12,570.325,,R,Dollars,6,Business Data Collection - BDC,Industry by financial variable (NZSIOC Level 2),Sales (operating income),"Textile, Leather, Clothing and Footwear Manufacturing",Current prices,Trend,
BDCQ.SF1CC2CT,2017.03,568.582,,R,Dollars,6,Business Data Collection - BDC,Industry by financial variable (NZSIOC Level 2),Sales (operating income),"Textile, Leather, Clothing and Footwear Manufacturing",Current prices,Trend,
BDCQ.SF1CC2CT,2017.06,557.222,,R,Dollars,6,Business Data Collection - BDC,Industry by financial variable (NZSIOC Level 2),Sales (operating income),"Textile, Leather, Clothing and Footwear Manufacturing",Current prices,Trend,
BDCQ.SF1CC2CT,2017.09,551.537,,R,Dollars,6,Business Data Collection - BDC,Industry by financial variable (NZSIOC Level 2),Sales (operating income),"Textile, Leather, Clothing and Footwear Manufacturing",Current prices,Trend,
BDCQ.SF1CC2CT,2017.12,554.278,,R,Dollars,6,Business Data Collection - BDC,Industry by financial variable (NZSIOC Level 2),Sales (operating income),"Textile, Leather, Clothing and Footwear Manufacturing",Current prices,Trend,
BDCQ.SF1CC2CT,2018.03,550.671,,R,Dollars,6,Business Data Collection - BDC,Industry by financial variable (NZSIOC Level 2),Sales (operating income),"Textile, Leather, Clothing and Footwear Manufacturing",Current prices,Trend,
BDCQ.SF1CC2CT,2018.06,546.375,,R,Dollars,6,Business Data Collection - BDC,Industry by financial variable (NZSIOC Level 2),Sales (operating income),"Textile, Leather, Clothing and Footwear Manufacturing",Current prices,Trend,
BDCQ.SF1CC2CT,2018.09,550.548,,R,Dollars,6,Business Data Collection - BDC,Industry by financial variable (NZSIOC Level 2),Sales (operating income),"Textile, Leather, Clothing and Footwear Manufacturing",Current prices,Trend,
BDCQ.SF1CC2CT,2018.12,548.141,,R,Dollars,6,Business Data Collection - BDC,Industry by financial variable (NZSIOC Level 2),Sales (operating income),"Textile, Leather, Clothing and Footwear Manufacturing",Current prices,Trend,
BDCQ.SF1CC2CT,2019.03,545.801,,R,Dollars,6,Business Data Collection - BDC,Industry by financial variable (NZSIOC Level 2),Sales (operating income),"Textile, Leather, Clothing and Footwear Manufacturing",Current prices,Trend,
BDCQ.SF1CC2CT,2019.06,540.713,,R,Dollars,6,Business Data Collection - BDC,Industry by financial variable (NZSIOC Level 2),Sales (operating income),"Textile, Leather, Clothing and Footwear Manufacturing",Current prices,Trend,
BDCQ.SF1CC2CT,2019.09,529.68,,R,Dollars,6,Business Data Collection - BDC,Industry by financial variable (NZSIOC Level 2),Sales (operating income),"Textile, Leather, Clothing and Footwear Manufacturing",Current prices,Trend,
BDCQ.SF1CC2CT,2019.12,498.389,,R,Dollars,6,Business Data Collection - BDC,Industry by financial variable (NZSIOC Level 2),Sales (operating income),"Textile, Leather, Clothing and Footwear Manufacturing",Current prices,Trend,
BDCQ.SF1CC2CT,2020.03,469.296,,R,Dollars,6,Business Data Collection - BDC,Industry by financial variable (NZSIOC Level 2),Sales (operating income),"Textile, Leather, Clothing and Footwear Manufacturing",Current prices,Trend,
BDCQ.SF1CC2CT,2020.06,,Y,C,Dollars,6,Business Data Collection - BDC,Industry by financial variable (NZSIOC Level 2),Sales (operating income),"Textile, Leather, Clothing and Footwear Manufacturing",Current prices,Trend,
BDCQ.SF1CC2CT,2020.09,,Y,C,Dollars,6,Business Data Collection - BDC,Industry by financial variable (NZSIOC Level 2),Sales (operating income),"Textile, Leather, Clothing and Footwear Manufacturing",Current prices,Trend,
BDCQ.SF1CC2CT,2020.12,,Y,C,Dollars,6,Business Data Collection - BDC,Industry by financial variable (NZSIOC Level 2),Sales (operating income),"Textile, Leather, Clothing and Footwear Manufacturing",Current prices,Trend,
BDCQ.SF1CC2CT,2021.03,,Y,C,Dollars,6,Business Data Collection - BDC,Industry by financial variable (NZSIOC Level 2),Sales (operating income),"Textile, Leather, Clothing and Footwear Manufacturing",Current prices,Trend,
BDCQ.SF1CC2CT,2021.06,,Y,C,Dollars,6,Business Data Collection - BDC,Industry by financial variable (NZSIOC Level 2),Sales (operating income),"Textile, Leather, Clothing and Footwear Manufacturing",Current prices,Trend,
BDCQ.SF1CC2CT,2021.09,,Y,C,Dollars,6,Business Data Collection - BDC,Industry by financial variable (NZSIOC Level 2),Sales (operating income),"Textile, Leather, Clothing and Footwear Manufacturing",Current prices,Trend,
BDCQ.SF1CC3CA,2016.06,2247.71,,F,Dollars,6,Business Data Collection - BDC,Industry by financial variable (NZSIOC Level 2),Sales (operating income),Wood and Paper Products Manufacturing,Current prices,Unadjusted,
BDCQ.SF1CC3CA,2016.09,2216.005,,F,Dollars,6,Business Data Collection - BDC,Industry by financial variable (NZSIOC Level 2),Sales (operating income),Wood and Paper Products Manufacturing,Current prices,Unadjusted,
BDCQ.SF1CC3CA,2016.12,2201.123,,F,Dollars,6,Business Data Collection - BDC,Industry by financial variable (NZSIOC Level 2),Sales (operating income),Wood and Paper Products Manufacturing,Current prices,Unadjusted,
BDCQ.SF1CC3CA,2017.03,2063.277,,F,Dollars,6,Business Data Collection - BDC,Industry by financial variable (NZSIOC Level 2),Sales (operating income),Wood and Paper Products Manufacturing,Current prices,Unadjusted,
BDCQ.SF1CC3CA,2017.06,2242.174,,F,Dollars,6,Business Data Collection - BDC,Industry by financial variable (NZSIOC Level 2),Sales (operating income),Wood and Paper Products Manufacturing,Current prices,Unadjusted,
BDCQ.SF1CC3CA,2017.09,2279.911,,F,Dollars,6,Business Data Collection - BDC,Industry by financial variable (NZSIOC Level 2),Sales (operating income),Wood and Paper Products Manufacturing,Current prices,Unadjusted,
BDCQ.SF1CC3CA,2017.12,2361.189,,F,Dollars,6,Business Data Collection - BDC,Industry by financial variable (NZSIOC Level 2),Sales (operating income),Wood and Paper Products Manufacturing,Current prices,Unadjusted,
BDCQ.SF1CC3CA,2018.03,2229.447,,F,Dollars,6,Business Data Collection - BDC,Industry by financial variable (NZSIOC Level 2),Sales (operating income),Wood and Paper Products Manufacturing,Current prices,Unadjusted,
BDCQ.SF1CC3CA,2018.06,2412.505,,F,Dollars,6,Business Data Collection - BDC,Industry by financial variable (NZSIOC Level 2),Sales (operating income),Wood and Paper Products Manufacturing,Current prices,Unadjusted,
BDCQ.SF1CC3CA,2018.09,2449.281,,F,Dollars,6,Business Data Collection - BDC,Industry by financial variable (NZSIOC Level 2),Sales (operating income),Wood and Paper Products Manufacturing,Current prices,Unadjusted,
BDCQ.SF1CC3CA,2018.12,2429.15,,F,Dollars,6,Business Data Collection - BDC,Industry by financial variable (NZSIOC Level 2),Sales (operating income),Wood and Paper Products Manufacturing,Current prices,Unadjusted,
BDCQ.SF1CC3CA,2019.03,2175.696,,F,Dollars,6,Business Data Collection - BDC,Industry by financial variable (NZSIOC Level 2),Sales (operating income),Wood and Paper Products Manufacturing,Current prices,Unadjusted,
BDCQ.SF1CC3CA,2019.06,2428.645,,F,Dollars,6,Business Data Collection - BDC,Industry by financial variable (NZSIOC Level 2),Sales (operating income),Wood and Paper Products Manufacturing,Current prices,Unadjusted,
BDCQ.SF1CC3CA,2019.09,2409.721,,F,Dollars,6,Business Data Collection - BDC,Industry by financial variable (NZSIOC Level 2),Sales (operating income),Wood and Paper Products Manufacturing,Current prices,Unadjusted,
BDCQ.SF1CC3CA,2019.12,2345.636,,F,Dollars,6,Business Data Collection - BDC,Industry by financial variable (NZSIOC Level 2),Sales (operating income),Wood and Paper Products Manufacturing,Current prices,Unadjusted,
BDCQ.SF1CC3CA,2020.03,2247.182,,F,Dollars,6,Business Data Collection - BDC,Industry by financial variable (NZSIOC Level 2),Sales (operating income),Wood and Paper Products Manufacturing,Current prices,Unadjusted,
BDCQ.SF1CC3CA,2020.06,1963.658,,F,Dollars,6,Business Data Collection - BDC,Industry by financial variable (NZSIOC Level 2),Sales (operating income),Wood and Paper Products Manufacturing,Current prices,Unadjusted,
BDCQ.SF1CC3CA,2020.09,2421.896,,F,Dollars,6,Business Data Collection - BDC,Industry by financial variable (NZSIOC Level 2),Sales (operating income),Wood and Paper Products Manufacturing,Current prices,Unadjusted,
BDCQ.SF1CC3CA,2020.12,2480.628,,F,Dollars,6,Business Data Collection - BDC,Industry by financial variable (NZSIOC Level 2),Sales (operating income),Wood and Paper Products Manufacturing,Current prices,Unadjusted,
BDCQ.SF1CC3CA,2021.03,2324.697,,F,Dollars,6,Business Data Collection - BDC,Industry by financial variable (NZSIOC Level 2),Sales (operating income),Wood and Paper Products Manufacturing,Current prices,Unadjusted,
BDCQ.SF1CC3CA,2021.06,2672.617,,F,Dollars,6,Business Data Collection - BDC,Industry by financial variable (NZSIOC Level 2),Sales (operating income),Wood and Paper Products Manufacturing,Current prices,Unadjusted,
BDCQ.SF1CC3CA,2021.09,2537.622,,F,Dollars,6,Business Data Collection - BDC,Industry by financial variable (NZSIOC Level 2),Sales (operating income),Wood and Paper Products Manufacturing,Current prices,Unadjusted,
BDCQ.SF1CC3CS,2016.06,2211.875,,R,Dollars,6,Business Data Collection - BDC,Industry by financial variable (NZSIOC Level 2),Sales (operating income),Wood and Paper Products Manufacturing,Current prices,Seasonally adjusted,
BDCQ.SF1CC3CS,2016.09,2169.251,,R,Dollars,6,Business Data Collection - BDC,Industry by financial variable (NZSIOC Level 2),Sales (operating income),Wood and Paper Products Manufacturing,Current prices,Seasonally adjusted,
BDCQ.SF1CC3CS,2016.12,2155.56,,R,Dollars,6,Business Data Collection - BDC,Industry by financial variable (NZSIOC Level 2),Sales (operating income),Wood and Paper Products Manufacturing,Current prices,Seasonally adjusted,
BDCQ.SF1CC3CS,2017.03,2195.752,,R,Dollars,6,Business Data Collection - BDC,Industry by financial variable (NZSIOC Level 2),Sales (operating income),Wood and Paper Products Manufacturing,Current prices,Seasonally adjusted,
BDCQ.SF1CC3CS,2017.06,2199.68,,R,Dollars,6,Business Data Collection - BDC,Industry by financial variable (NZSIOC Level 2),Sales (operating income),Wood and Paper Products Manufacturing,Current prices,Seasonally adjusted,
BDCQ.SF1CC3CS,2017.09,2231.808,,R,Dollars,6,Business Data Collection - BDC,Industry by financial variable (NZSIOC Level 2),Sales (operating income),Wood and Paper Products Manufacturing,Current prices,Seasonally adjusted,
BDCQ.SF1CC3CS,2017.12,2319.193,,R,Dollars,6,Business Data Collection - BDC,Industry by financial variable (NZSIOC Level 2),Sales (operating income),Wood and Paper Products Manufacturing,Current prices,Seasonally adjusted,
BDCQ.SF1CC3CS,2018.03,2374.424,,R,Dollars,6,Business Data Collection - BDC,Industry by financial variable (NZSIOC Level 2),Sales (operating income),Wood and Paper Products Manufacturing,Current prices,Seasonally adjusted,
BDCQ.SF1CC3CS,2018.06,2357.865,,R,Dollars,6,Business Data Collection - BDC,Industry by financial variable (NZSIOC Level 2),Sales (operating income),Wood and Paper Products Manufacturing,Current prices,Seasonally adjusted,
BDCQ.SF1CC3CS,2018.09,2397.536,,R,Dollars,6,Business Data Collection - BDC,Industry by financial variable (NZSIOC Level 2),Sales (operating income),Wood and Paper Products Manufacturing,Current prices,Seasonally adjusted,
BDCQ.SF1CC3CS,2018.12,2393.71,,R,Dollars,6,Business Data Collection - BDC,Industry by financial variable (NZSIOC Level 2),Sales (operating income),Wood and Paper Products Manufacturing,Current prices,Seasonally adjusted,
BDCQ.SF1CC3CS,2019.03,2317.467,,R,Dollars,6,Business Data Collection - BDC,Industry by financial variable (NZSIOC Level 2),Sales (operating income),Wood and Paper Products Manufacturing,Current prices,Seasonally adjusted,
BDCQ.SF1CC3CS,2019.06,2366.741,,R,Dollars,6,Business Data Collection - BDC,Industry by financial variable (NZSIOC Level 2),Sales (operating income),Wood and Paper Products Manufacturing,Current prices,Seasonally adjusted,
BDCQ.SF1CC3CS,2019.09,2358.956,,R,Dollars,6,Business Data Collection - BDC,Industry by financial variable (NZSIOC Level 2),Sales (operating income),Wood and Paper Products Manufacturing,Current prices,Seasonally adjusted,
BDCQ.SF1CC3CS,2019.12,2315.907,,R,Dollars,6,Business Data Collection - BDC,Industry by financial variable (NZSIOC Level 2),Sales (operating income),Wood and Paper Products Manufacturing,Current prices,Seasonally adjusted,
BDCQ.SF1CC3CS,2020.03,2396.25,,R,Dollars,6,Business Data Collection - BDC,Industry by financial variable (NZSIOC Level 2),Sales (operating income),Wood and Paper Products Manufacturing,Current prices,Seasonally adjusted,
BDCQ.SF1CC3CS,2020.06,1908.318,,R,Dollars,6,Business Data Collection - BDC,Industry by financial variable (NZSIOC Level 2),Sales (operating income),Wood and Paper Products Manufacturing,Current prices,Seasonally adjusted,
BDCQ.SF1CC3CS,2020.09,2371.101,,R,Dollars,6,Business Data Collection - BDC,Industry by financial variable (NZSIOC Level 2),Sales (operating income),Wood and Paper Products Manufacturing,Current prices,Seasonally adjusted,
BDCQ.SF1CC3CS,2020.12,2453.432,,R,Dollars,6,Business Data Collection - BDC,Industry by financial variable (NZSIOC Level 2),Sales (operating income),Wood and Paper Products Manufacturing,Current prices,Seasonally adjusted,
BDCQ.SF1CC3CS,2021.03,2479.644,,R,Dollars,6,Business Data Collection - BDC,Industry by financial variable (NZSIOC Level 2),Sales (operating income),Wood and Paper Products Manufacturing,Current prices,Seasonally adjusted,
BDCQ.SF1CC3CS,2021.06,2592.556,,R,Dollars,6,Business Data Collection - BDC,Industry by financial variable (NZSIOC Level 2),Sales (operating income),Wood and Paper Products Manufacturing,Current prices,Seasonally adjusted,
BDCQ.SF1CC3CS,2021.09,2485.017,,F,Dollars,6,Business Data Collection - BDC,Industry by financial variable (NZSIOC Level 2),Sales (operating income),Wood and Paper Products Manufacturing,Current prices,Seasonally adjusted,
BDCQ.SF1CC3CT,2016.06,2194.931,,R,Dollars,6,Business Data Collection - BDC,Industry by financial variable (NZSIOC Level 2),Sales (operating income),Wood and Paper Products Manufacturing,Current prices,Trend,
BDCQ.SF1CC3CT,2016.09,2176.092,,R,Dollars,6,Business Data Collection - BDC,Industry by financial variable (NZSIOC Level 2),Sales (operating income),Wood and Paper Products Manufacturing,Current prices,Trend,
BDCQ.SF1CC3CT,2016.12,2164.012,,R,Dollars,6,Business Data Collection - BDC,Industry by financial variable (NZSIOC Level 2),Sales (operating income),Wood and Paper Products Manufacturing,Current prices,Trend,
BDCQ.SF1CC3CT,2017.03,2184.4,,R,Dollars,6,Business Data Collection - BDC,Industry by financial variable (NZSIOC Level 2),Sales (operating income),Wood and Paper Products Manufacturing,Current prices,Trend,
BDCQ.SF1CC3CT,2017.06,2202.427,,R,Dollars,6,Business Data Collection - BDC,Industry by financial variable (NZSIOC Level 2),Sales (operating income),Wood and Paper Products Manufacturing,Current prices,Trend,
BDCQ.SF1CC3CT,2017.09,2240.213,,R,Dollars,6,Business Data Collection - BDC,Industry by financial variable (NZSIOC Level 2),Sales (operating income),Wood and Paper Products Manufacturing,Current prices,Trend,
BDCQ.SF1CC3CT,2017.12,2315.685,,R,Dollars,6,Business Data Collection - BDC,Industry by financial variable (NZSIOC Level 2),Sales (operating income),Wood and Paper Products Manufacturing,Current prices,Trend,
BDCQ.SF1CC3CT,2018.03,2362.114,,R,Dollars,6,Business Data Collection - BDC,Industry by financial variable (NZSIOC Level 2),Sales (operating income),Wood and Paper Products Manufacturing,Current prices,Trend,
BDCQ.SF1CC3CT,2018.06,2374.588,,R,Dollars,6,Business Data Collection - BDC,Industry by financial variable (NZSIOC Level 2),Sales (operating income),Wood and Paper Products Manufacturing,Current prices,Trend,
BDCQ.SF1CC3CT,2018.09,2392.337,,R,Dollars,6,Business Data Collection - BDC,Industry by financial variable (NZSIOC Level 2),Sales (operating income),Wood and Paper Products Manufacturing,Current prices,Trend,
BDCQ.SF1CC3CT,2018.12,2377.053,,R,Dollars,6,Business Data Collection - BDC,Industry by financial variable (NZSIOC Level 2),Sales (operating income),Wood and Paper Products Manufacturing,Current prices,Trend,
BDCQ.SF1CC3CT,2019.03,2345.407,,R,Dollars,6,Business Data Collection - BDC,Industry by financial variable (NZSIOC Level 2),Sales (operating income),Wood and Paper Products Manufacturing,Current prices,Trend,
BDCQ.SF1CC3CT,2019.06,2351.735,,R,Dollars,6,Business Data Collection - BDC,Industry by financial variable (NZSIOC Level 2),Sales (operating income),Wood and Paper Products Manufacturing,Current prices,Trend,
BDCQ.SF1CC3CT,2019.09,2348.907,,R,Dollars,6,Business Data Collection - BDC,Industry by financial variable (NZSIOC Level 2),Sales (operating income),Wood and Paper Products Manufacturing,Current prices,Trend,
BDCQ.SF1CC3CT,2019.12,2342.494,,R,Dollars,6,Business Data Collection - BDC,Industry by financial variable (NZSIOC Level 2),Sales (operating income),Wood and Paper Products Manufacturing,Current prices,Trend,
BDCQ.SF1CC3CT,2020.03,2373.904,,R,Dollars,6,Business Data Collection - BDC,Industry by financial variable (NZSIOC Level 2),Sales (operating income),Wood and Paper Products Manufacturing,Current prices,Trend,
BDCQ.SF1CC3CT,2020.06,,Y,C,Dollars,6,Business Data Collection - BDC,Industry by financial variable (NZSIOC Level 2),Sales (operating income),Wood and Paper Products Manufacturing,Current prices,Trend,
BDCQ.SF1CC3CT,2020.09,,Y,C,Dollars,6,Business Data Collection - BDC,Industry by financial variable (NZSIOC Level 2),Sales (operating income),Wood and Paper Products Manufacturing,Current prices,Trend,
BDCQ.SF1CC3CT,2020.12,,Y,C,Dollars,6,Business Data Collection - BDC,Industry by financial variable (NZSIOC Level 2),Sales (operating income),Wood and Paper Products Manufacturing,Current prices,Trend,
BDCQ.SF1CC3CT,2021.03,,Y,C,Dollars,6,Business Data Collection - BDC,Industry by financial variable (NZSIOC Level 2),Sales (operating income),Wood and Paper Products Manufacturing,Current prices,Trend,
BDCQ.SF1CC3CT,2021.06,,Y,C,Dollars,6,Business Data Collection - BDC,Industry by financial variable (NZSIOC Level 2),Sales (operating income),Wood and Paper Products Manufacturing,Current prices,Trend,
BDCQ.SF1CC3CT,2021.09,,Y,C,Dollars,6,Business Data Collection - BDC,Industry by financial variable (NZSIOC Level 2),Sales (operating income),Wood and Paper Products Manufacturing,Current prices,Trend,
BDCQ.SF1CC4CA,2016.06,378.816,,F,Dollars,6,Business Data Collection - BDC,Industry by financial variable (NZSIOC Level 2),Sales (operating income),Printing,Current prices,Unadjusted,
BDCQ.SF1CC4CA,2016.09,382.97,,F,Dollars,6,Business Data Collection - BDC,Industry by financial variable (NZSIOC Level 2),Sales (operating income),Printing,Current prices,Unadjusted,
BDCQ.SF1CC4CA,2016.12,439.04,,F,Dollars,6,Business Data Collection - BDC,Industry by financial variable (NZSIOC Level 2),Sales (operating income),Printing,Current prices,Unadjusted,
BDCQ.SF1CC4CA,2017.03,339.726,,F,Dollars,6,Business Data Collection - BDC,Industry by financial variable (NZSIOC Level 2),Sales (operating income),Printing,Current prices,Unadjusted,
BDCQ.SF1CC4CA,2017.06,363.012,,F,Dollars,6,Business Data Collection - BDC,Industry by financial variable (NZSIOC Level 2),Sales (operating income),Printing,Current prices,Unadjusted,
BDCQ.SF1CC4CA,2017.09,379.748,,F,Dollars,6,Business Data Collection - BDC,Industry by financial variable (NZSIOC Level 2),Sales (operating income),Printing,Current prices,Unadjusted,
BDCQ.SF1CC4CA,2017.12,403.359,,F,Dollars,6,Business Data Collection - BDC,Industry by financial variable (NZSIOC Level 2),Sales (operating income),Printing,Current prices,Unadjusted,
BDCQ.SF1CC4CA,2018.03,345.957,,F,Dollars,6,Business Data Collection - BDC,Industry by financial variable (NZSIOC Level 2),Sales (operating income),Printing,Current prices,Unadjusted,
BDCQ.SF1CC4CA,2018.06,370.112,,F,Dollars,6,Business Data Collection - BDC,Industry by financial variable (NZSIOC Level 2),Sales (operating income),Printing,Current prices,Unadjusted,
BDCQ.SF1CC4CA,2018.09,385.258,,F,Dollars,6,Business Data Collection - BDC,Industry by financial variable (NZSIOC Level 2),Sales (operating income),Printing,Current prices,Unadjusted,
BDCQ.SF1CC4CA,2018.12,407.693,,F,Dollars,6,Business Data Collection - BDC,Industry by financial variable (NZSIOC Level 2),Sales (operating income),Printing,Current prices,Unadjusted,
BDCQ.SF1CC4CA,2019.03,345.4,,F,Dollars,6,Business Data Collection - BDC,Industry by financial variable (NZSIOC Level 2),Sales (operating income),Printing,Current prices,Unadjusted,
BDCQ.SF1CC4CA,2019.06,364.445,,F,Dollars,6,Business Data Collection - BDC,Industry by financial variable (NZSIOC Level 2),Sales (operating income),Printing,Current prices,Unadjusted,
BDCQ.SF1CC4CA,2019.09,386.209,,F,Dollars,6,Business Data Collection - BDC,Industry by financial variable (NZSIOC Level 2),Sales (operating income),Printing,Current prices,Unadjusted,
BDCQ.SF1CC4CA,2019.12,409.094,,F,Dollars,6,Business Data Collection - BDC,Industry by financial variable (NZSIOC Level 2),Sales (operating income),Printing,Current prices,Unadjusted,
BDCQ.SF1CC4CA,2020.03,327.183,,F,Dollars,6,Business Data Collection - BDC,Industry by financial variable (NZSIOC Level 2),Sales (operating income),Printing,Current prices,Unadjusted,
BDCQ.SF1CC4CA,2020.06,257.649,,F,Dollars,6,Business Data Collection - BDC,Industry by financial variable (NZSIOC Level 2),Sales (operating income),Printing,Current prices,Unadjusted,
BDCQ.SF1CC4CA,2020.09,353.746,,F,Dollars,6,Business Data Collection - BDC,Industry by financial variable (NZSIOC Level 2),Sales (operating income),Printing,Current prices,Unadjusted,
BDCQ.SF1CC4CA,2020.12,384.357,,F,Dollars,6,Business Data Collection - BDC,Industry by financial variable (NZSIOC Level 2),Sales (operating income),Printing,Current prices,Unadjusted,
BDCQ.SF1CC4CA,2021.03,315.953,,F,Dollars,6,Business Data Collection - BDC,Industry by financial variable (NZSIOC Level 2),Sales (operating income),Printing,Current prices,Unadjusted,
BDCQ.SF1CC4CA,2021.06,355.379,,F,Dollars,6,Business Data Collection - BDC,Industry by financial variable (NZSIOC Level 2),Sales (operating income),Printing,Current prices,Unadjusted,
BDCQ.SF1CC4CA,2021.09,338.601,,F,Dollars,6,Business Data Collection - BDC,Industry by financial variable (NZSIOC Level 2),Sales (operating income),Printing,Current prices,Unadjusted,
BDCQ.SF1CC4CS,2016.06,389.945,,R,Dollars,6,Business Data Collection - BDC,Industry by financial variable (NZSIOC Level 2),Sales (operating income),Printing,Current prices,Seasonally adjusted,
BDCQ.SF1CC4CS,2016.09,380.207,,R,Dollars,6,Business Data Collection - BDC,Industry by financial variable (NZSIOC Level 2),Sales (operating income),Printing,Current prices,Seasonally adjusted,
BDCQ.SF1CC4CS,2016.12,400.036,,R,Dollars,6,Business Data Collection - BDC,Industry by financial variable (NZSIOC Level 2),Sales (operating income),Printing,Current prices,Seasonally adjusted,
BDCQ.SF1CC4CS,2017.03,369.205,,R,Dollars,6,Business Data Collection - BDC,Industry by financial variable (NZSIOC Level 2),Sales (operating income),Printing,Current prices,Seasonally adjusted,
BDCQ.SF1CC4CS,2017.06,372.682,,R,Dollars,6,Business Data Collection - BDC,Industry by financial variable (NZSIOC Level 2),Sales (operating income),Printing,Current prices,Seasonally adjusted,
BDCQ.SF1CC4CS,2017.09,375.435,,R,Dollars,6,Business Data Collection - BDC,Industry by financial variable (NZSIOC Level 2),Sales (operating income),Printing,Current prices,Seasonally adjusted,
BDCQ.SF1CC4CS,2017.12,368.132,,R,Dollars,6,Business Data Collection - BDC,Industry by financial variable (NZSIOC Level 2),Sales (operating income),Printing,Current prices,Seasonally adjusted,
BDCQ.SF1CC4CS,2018.03,377.869,,R,Dollars,6,Business Data Collection - BDC,Industry by financial variable (NZSIOC Level 2),Sales (operating income),Printing,Current prices,Seasonally adjusted,
BDCQ.SF1CC4CS,2018.06,378.956,,R,Dollars,6,Business Data Collection - BDC,Industry by financial variable (NZSIOC Level 2),Sales (operating income),Printing,Current prices,Seasonally adjusted,
BDCQ.SF1CC4CS,2018.09,379.628,,R,Dollars,6,Business Data Collection - BDC,Industry by financial variable (NZSIOC Level 2),Sales (operating income),Printing,Current prices,Seasonally adjusted,
BDCQ.SF1CC4CS,2018.12,372.713,,R,Dollars,6,Business Data Collection - BDC,Industry by financial variable (NZSIOC Level 2),Sales (operating income),Printing,Current prices,Seasonally adjusted,
BDCQ.SF1CC4CS,2019.03,379.004,,R,Dollars,6,Business Data Collection - BDC,Industry by financial variable (NZSIOC Level 2),Sales (operating income),Printing,Current prices,Seasonally adjusted,
BDCQ.SF1CC4CS,2019.06,371.369,,R,Dollars,6,Business Data Collection - BDC,Industry by financial variable (NZSIOC Level 2),Sales (operating income),Printing,Current prices,Seasonally adjusted,
BDCQ.SF1CC4CS,2019.09,380.736,,R,Dollars,6,Business Data Collection - BDC,Industry by financial variable (NZSIOC Level 2),Sales (operating income),Printing,Current prices,Seasonally adjusted,
BDCQ.SF1CC4CS,2019.12,374.197,,R,Dollars,6,Business Data Collection - BDC,Industry by financial variable (NZSIOC Level 2),Sales (operating income),Printing,Current prices,Seasonally adjusted,
BDCQ.SF1CC4CS,2020.03,359.871,,R,Dollars,6,Business Data Collection - BDC,Industry by financial variable (NZSIOC Level 2),Sales (operating income),Printing,Current prices,Seasonally adjusted,
BDCQ.SF1CC4CS,2020.06,261.683,,R,Dollars,6,Business Data Collection - BDC,Industry by financial variable (NZSIOC Level 2),Sales (operating income),Printing,Current prices,Seasonally adjusted,
BDCQ.SF1CC4CS,2020.09,349.286,,R,Dollars,6,Business Data Collection - BDC,Industry by financial variable (NZSIOC Level 2),Sales (operating income),Printing,Current prices,Seasonally adjusted,
BDCQ.SF1CC4CS,2020.12,351.387,,R,Dollars,6,Business Data Collection - BDC,Industry by financial variable (NZSIOC Level 2),Sales (operating income),Printing,Current prices,Seasonally adjusted,
BDCQ.SF1CC4CS,2021.03,348.155,,R,Dollars,6,Business Data Collection - BDC,Industry by financial variable (NZSIOC Level 2),Sales (operating income),Printing,Current prices,Seasonally adjusted,
BDCQ.SF1CC4CS,2021.06,359.849,,R,Dollars,6,Business Data Collection - BDC,Industry by financial variable (NZSIOC Level 2),Sales (operating income),Printing,Current prices,Seasonally adjusted,
BDCQ.SF1CC4CS,2021.09,335.201,,F,Dollars,6,Business Data Collection - BDC,Industry by financial variable (NZSIOC Level 2),Sales (operating income),Printing,Current prices,Seasonally adjusted,
BDCQ.SF1CC4CT,2016.06,387.116,,R,Dollars,6,Business Data Collection - BDC,Industry by financial variable (NZSIOC Level 2),Sales (operating income),Printing,Current prices,Trend,
BDCQ.SF1CC4CT,2016.09,383.919,,R,Dollars,6,Business Data Collection - BDC,Industry by financial variable (NZSIOC Level 2),Sales (operating income),Printing,Current prices,Trend,
BDCQ.SF1CC4CT,2016.12,378.561,,R,Dollars,6,Business Data Collection - BDC,Industry by financial variable (NZSIOC Level 2),Sales (operating income),Printing,Current prices,Trend,
BDCQ.SF1CC4CT,2017.03,374.502,,R,Dollars,6,Business Data Collection - BDC,Industry by financial variable (NZSIOC Level 2),Sales (operating income),Printing,Current prices,Trend,
BDCQ.SF1CC4CT,2017.06,372.218,,R,Dollars,6,Business Data Collection - BDC,Industry by financial variable (NZSIOC Level 2),Sales (operating income),Printing,Current prices,Trend,
BDCQ.SF1CC4CT,2017.09,371.59,,R,Dollars,6,Business Data Collection - BDC,Industry by financial variable (NZSIOC Level 2),Sales (operating income),Printing,Current prices,Trend,
BDCQ.SF1CC4CT,2017.12,373.278,,R,Dollars,6,Business Data Collection - BDC,Industry by financial variable (NZSIOC Level 2),Sales (operating income),Printing,Current prices,Trend,
BDCQ.SF1CC4CT,2018.03,375.896,,R,Dollars,6,Business Data Collection - BDC,Industry by financial variable (NZSIOC Level 2),Sales (operating income),Printing,Current prices,Trend,
BDCQ.SF1CC4CT,2018.06,378.036,,R,Dollars,6,Business Data Collection - BDC,Industry by financial variable (NZSIOC Level 2),Sales (operating income),Printing,Current prices,Trend,
BDCQ.SF1CC4CT,2018.09,378.42,,R,Dollars,6,Business Data Collection - BDC,Industry by financial variable (NZSIOC Level 2),Sales (operating income),Printing,Current prices,Trend,
BDCQ.SF1CC4CT,2018.12,376.105,,R,Dollars,6,Business Data Collection - BDC,Industry by financial variable (NZSIOC Level 2),Sales (operating income),Printing,Current prices,Trend,
BDCQ.SF1CC4CT,2019.03,375.337,,R,Dollars,6,Business Data Collection - BDC,Industry by financial variable (NZSIOC Level 2),Sales (operating income),Printing,Current prices,Trend,
BDCQ.SF1CC4CT,2019.06,376.798,,R,Dollars,6,Business Data Collection - BDC,Industry by financial variable (NZSIOC Level 2),Sales (operating income),Printing,Current prices,Trend,
BDCQ.SF1CC4CT,2019.09,376.378,,R,Dollars,6,Business Data Collection - BDC,Industry by financial variable (NZSIOC Level 2),Sales (operating income),Printing,Current prices,Trend,
BDCQ.SF1CC4CT,2019.12,371.814,,R,Dollars,6,Business Data Collection - BDC,Industry by financial variable (NZSIOC Level 2),Sales (operating income),Printing,Current prices,Trend,
BDCQ.SF1CC4CT,2020.03,365.11,,R,Dollars,6,Business Data Collection - BDC,Industry by financial variable (NZSIOC Level 2),Sales (operating income),Printing,Current prices,Trend,
BDCQ.SF1CC4CT,2020.06,,Y,C,Dollars,6,Business Data Collection - BDC,Industry by financial variable (NZSIOC Level 2),Sales (operating income),Printing,Current prices,Trend,
BDCQ.SF1CC4CT,2020.09,,Y,C,Dollars,6,Business Data Collection - BDC,Industry by financial variable (NZSIOC Level 2),Sales (operating income),Printing,Current prices,Trend,
BDCQ.SF1CC4CT,2020.12,,Y,C,Dollars,6,Business Data Collection - BDC,Industry by financial variable (NZSIOC Level 2),Sales (operating income),Printing,Current prices,Trend,
BDCQ.SF1CC4CT,2021.03,,Y,C,Dollars,6,Business Data Collection - BDC,Industry by financial variable (NZSIOC Level 2),Sales (operating income),Printing,Current prices,Trend,
BDCQ.SF1CC4CT,2021.06,,Y,C,Dollars,6,Business Data Collection - BDC,Industry by financial variable (NZSIOC Level 2),Sales (operating income),Printing,Current prices,Trend,
BDCQ.SF1CC4CT,2021.09,,Y,C,Dollars,6,Business Data Collection - BDC,Industry by financial variable (NZSIOC Level 2),Sales (operating income),Printing,Current prices,Trend,
BDCQ.SF1CC5CA,2016.06,3734.807,,F,Dollars,6,Business Data Collection - BDC,Industry by financial variable (NZSIOC Level 2),Sales (operating income),"Petroleum, Chemical, Polymer and Rubber Product Manufacturing",Current prices,Unadjusted,
BDCQ.SF1CC5CA,2016.09,3957.477,,F,Dollars,6,Business Data Collection - BDC,Industry by financial variable (NZSIOC Level 2),Sales (operating income),"Petroleum, Chemical, Polymer and Rubber Product Manufacturing",Current prices,Unadjusted,
BDCQ.SF1CC5CA,2016.12,4576.421,,F,Dollars,6,Business Data Collection - BDC,Industry by financial variable (NZSIOC Level 2),Sales (operating income),"Petroleum, Chemical, Polymer and Rubber Product Manufacturing",Current prices,Unadjusted,
BDCQ.SF1CC5CA,2017.03,4505.752,,F,Dollars,6,Business Data Collection - BDC,Industry by financial variable (NZSIOC Level 2),Sales (operating income),"Petroleum, Chemical, Polymer and Rubber Product Manufacturing",Current prices,Unadjusted,
BDCQ.SF1CC5CA,2017.06,4184.357,,F,Dollars,6,Business Data Collection - BDC,Industry by financial variable (NZSIOC Level 2),Sales (operating income),"Petroleum, Chemical, Polymer and Rubber Product Manufacturing",Current prices,Unadjusted,
BDCQ.SF1CC5CA,2017.09,4205.956,,F,Dollars,6,Business Data Collection - BDC,Industry by financial variable (NZSIOC Level 2),Sales (operating income),"Petroleum, Chemical, Polymer and Rubber Product Manufacturing",Current prices,Unadjusted,
BDCQ.SF1CC5CA,2017.12,5226.248,,F,Dollars,6,Business Data Collection - BDC,Industry by financial variable (NZSIOC Level 2),Sales (operating income),"Petroleum, Chemical, Polymer and Rubber Product Manufacturing",Current prices,Unadjusted,
BDCQ.SF1CC5CA,2018.03,4827.727,,F,Dollars,6,Business Data Collection - BDC,Industry by financial variable (NZSIOC Level 2),Sales (operating income),"Petroleum, Chemical, Polymer and Rubber Product Manufacturing",Current prices,Unadjusted,
BDCQ.SF1CC5CA,2018.06,4697.729,,F,Dollars,6,Business Data Collection - BDC,Industry by financial variable (NZSIOC Level 2),Sales (operating income),"Petroleum, Chemical, Polymer and Rubber Product Manufacturing",Current prices,Unadjusted,
BDCQ.SF1CC5CA,2018.09,5088.738,,F,Dollars,6,Business Data Collection - BDC,Industry by financial variable (NZSIOC Level 2),Sales (operating income),"Petroleum, Chemical, Polymer and Rubber Product Manufacturing",Current prices,Unadjusted,
BDCQ.SF1CC5CA,2018.12,5583.698,,F,Dollars,6,Business Data Collection - BDC,Industry by financial variable (NZSIOC Level 2),Sales (operating income),"Petroleum, Chemical, Polymer and Rubber Product Manufacturing",Current prices,Unadjusted,
BDCQ.SF1CC5CA,2019.03,4657.027,,F,Dollars,6,Business Data Collection - BDC,Industry by financial variable (NZSIOC Level 2),Sales (operating income),"Petroleum, Chemical, Polymer and Rubber Product Manufacturing",Current prices,Unadjusted,
BDCQ.SF1CC5CA,2019.06,4601.594,,F,Dollars,6,Business Data Collection - BDC,Industry by financial variable (NZSIOC Level 2),Sales (operating income),"Petroleum, Chemical, Polymer and Rubber Product Manufacturing",Current prices,Unadjusted,
BDCQ.SF1CC5CA,2019.09,4587.091,,F,Dollars,6,Business Data Collection - BDC,Industry by financial variable (NZSIOC Level 2),Sales (operating income),"Petroleum, Chemical, Polymer and Rubber Product Manufacturing",Current prices,Unadjusted,
BDCQ.SF1CC5CA,2019.12,5252.434,,F,Dollars,6,Business Data Collection - BDC,Industry by financial variable (NZSIOC Level 2),Sales (operating income),"Petroleum, Chemical, Polymer and Rubber Product Manufacturing",Current prices,Unadjusted,
BDCQ.SF1CC5CA,2020.03,4501.587,,F,Dollars,6,Business Data Collection - BDC,Industry by financial variable (NZSIOC Level 2),Sales (operating income),"Petroleum, Chemical, Polymer and Rubber Product Manufacturing",Current prices,Unadjusted,
BDCQ.SF1CC5CA,2020.06,3275.733,,F,Dollars,6,Business Data Collection - BDC,Industry by financial variable (NZSIOC Level 2),Sales (operating income),"Petroleum, Chemical, Polymer and Rubber Product Manufacturing",Current prices,Unadjusted,
BDCQ.SF1CC5CA,2020.09,3978.747,,F,Dollars,6,Business Data Collection - BDC,Industry by financial variable (NZSIOC Level 2),Sales (operating income),"Petroleum, Chemical, Polymer and Rubber Product Manufacturing",Current prices,Unadjusted,
BDCQ.SF1CC5CA,2020.12,4563.174,,F,Dollars,6,Business Data Collection - BDC,Industry by financial variable (NZSIOC Level 2),Sales (operating income),"Petroleum, Chemical, Polymer and Rubber Product Manufacturing",Current prices,Unadjusted,
BDCQ.SF1CC5CA,2021.03,4245.935,,F,Dollars,6,Business Data Collection - BDC,Industry by financial variable (NZSIOC Level 2),Sales (operating income),"Petroleum, Chemical, Polymer and Rubber Product Manufacturing",Current prices,Unadjusted,
BDCQ.SF1CC5CA,2021.06,4368.417,,F,Dollars,6,Business Data Collection - BDC,Industry by financial variable (NZSIOC Level 2),Sales (operating income),"Petroleum, Chemical, Polymer and Rubber Product Manufacturing",Current prices,Unadjusted,
BDCQ.SF1CC5CA,2021.09,4246.492,,F,Dollars,6,Business Data Collection - BDC,Industry by financial variable (NZSIOC Level 2),Sales (operating income),"Petroleum, Chemical, Polymer and Rubber Product Manufacturing",Current prices,Unadjusted,
BDCQ.SF1CC5CS,2016.06,3894.924,,R,Dollars,6,Business Data Collection - BDC,Industry by financial variable (NZSIOC Level 2),Sales (operating income),"Petroleum, Chemical, Polymer and Rubber Product Manufacturing",Current prices,Seasonally adjusted,
BDCQ.SF1CC5CS,2016.09,4086.341,,R,Dollars,6,Business Data Collection - BDC,Industry by financial variable (NZSIOC Level 2),Sales (operating income),"Petroleum, Chemical, Polymer and Rubber Product Manufacturing",Current prices,Seasonally adjusted,
BDCQ.SF1CC5CS,2016.12,4157.316,,R,Dollars,6,Business Data Collection - BDC,Industry by financial variable (NZSIOC Level 2),Sales (operating income),"Petroleum, Chemical, Polymer and Rubber Product Manufacturing",Current prices,Seasonally adjusted,
BDCQ.SF1CC5CS,2017.03,4622.981,,R,Dollars,6,Business Data Collection - BDC,Industry by financial variable (NZSIOC Level 2),Sales (operating income),"Petroleum, Chemical, Polymer and Rubber Product Manufacturing",Current prices,Seasonally adjusted,
BDCQ.SF1CC5CS,2017.06,4384.142,,R,Dollars,6,Business Data Collection - BDC,Industry by financial variable (NZSIOC Level 2),Sales (operating income),"Petroleum, Chemical, Polymer and Rubber Product Manufacturing",Current prices,Seasonally adjusted,
BDCQ.SF1CC5CS,2017.09,4344.173,,R,Dollars,6,Business Data Collection - BDC,Industry by financial variable (NZSIOC Level 2),Sales (operating income),"Petroleum, Chemical, Polymer and Rubber Product Manufacturing",Current prices,Seasonally adjusted,
BDCQ.SF1CC5CS,2017.12,4740.444,,R,Dollars,6,Business Data Collection - BDC,Industry by financial variable (NZSIOC Level 2),Sales (operating income),"Petroleum, Chemical, Polymer and Rubber Product Manufacturing",Current prices,Seasonally adjusted,
BDCQ.SF1CC5CS,2018.03,4943.799,,R,Dollars,6,Business Data Collection - BDC,Industry by financial variable (NZSIOC Level 2),Sales (operating income),"Petroleum, Chemical, Polymer and Rubber Product Manufacturing",Current prices,Seasonally adjusted,
BDCQ.SF1CC5CS,2018.06,4922.75,,R,Dollars,6,Business Data Collection - BDC,Industry by financial variable (NZSIOC Level 2),Sales (operating income),"Petroleum, Chemical, Polymer and Rubber Product Manufacturing",Current prices,Seasonally adjusted,
BDCQ.SF1CC5CS,2018.09,5273.924,,R,Dollars,6,Business Data Collection - BDC,Industry by financial variable (NZSIOC Level 2),Sales (operating income),"Petroleum, Chemical, Polymer and Rubber Product Manufacturing",Current prices,Seasonally adjusted,
BDCQ.SF1CC5CS,2018.12,5064.363,,R,Dollars,6,Business Data Collection - BDC,Industry by financial variable (NZSIOC Level 2),Sales (operating income),"Petroleum, Chemical, Polymer and Rubber Product Manufacturing",Current prices,Seasonally adjusted,
BDCQ.SF1CC5CS,2019.03,4758.583,,R,Dollars,6,Business Data Collection - BDC,Industry by financial variable (NZSIOC Level 2),Sales (operating income),"Petroleum, Chemical, Polymer and Rubber Product Manufacturing",Current prices,Seasonally adjusted,
BDCQ.SF1CC5CS,2019.06,4811.725,,R,Dollars,6,Business Data Collection - BDC,Industry by financial variable (NZSIOC Level 2),Sales (operating income),"Petroleum, Chemical, Polymer and Rubber Product Manufacturing",Current prices,Seasonally adjusted,
BDCQ.SF1CC5CS,2019.09,4766.329,,R,Dollars,6,Business Data Collection - BDC,Industry by financial variable (NZSIOC Level 2),Sales (operating income),"Petroleum, Chemical, Polymer and Rubber Product Manufacturing",Current prices,Seasonally adjusted,
BDCQ.SF1CC5CS,2019.12,4772.7,,R,Dollars,6,Business Data Collection - BDC,Industry by financial variable (NZSIOC Level 2),Sales (operating income),"Petroleum, Chemical, Polymer and Rubber Product Manufacturing",Current prices,Seasonally adjusted,
BDCQ.SF1CC5CS,2020.03,4598.018,,R,Dollars,6,Business Data Collection - BDC,Industry by financial variable (NZSIOC Level 2),Sales (operating income),"Petroleum, Chemical, Polymer and Rubber Product Manufacturing",Current prices,Seasonally adjusted,
BDCQ.SF1CC5CS,2020.06,3406.399,,R,Dollars,6,Business Data Collection - BDC,Industry by financial variable (NZSIOC Level 2),Sales (operating income),"Petroleum, Chemical, Polymer and Rubber Product Manufacturing",Current prices,Seasonally adjusted,
BDCQ.SF1CC5CS,2020.09,4149.609,,R,Dollars,6,Business Data Collection - BDC,Industry by financial variable (NZSIOC Level 2),Sales (operating income),"Petroleum, Chemical, Polymer and Rubber Product Manufacturing",Current prices,Seasonally adjusted,
BDCQ.SF1CC5CS,2020.12,4152.214,,R,Dollars,6,Business Data Collection - BDC,Industry by financial variable (NZSIOC Level 2),Sales (operating income),"Petroleum, Chemical, Polymer and Rubber Product Manufacturing",Current prices,Seasonally adjusted,
BDCQ.SF1CC5CS,2021.03,4337.912,,R,Dollars,6,Business Data Collection - BDC,Industry by financial variable (NZSIOC Level 2),Sales (operating income),"Petroleum, Chemical, Polymer and Rubber Product Manufacturing",Current prices,Seasonally adjusted,
BDCQ.SF1CC5CS,2021.06,4522.834,,R,Dollars,6,Business Data Collection - BDC,Industry by financial variable (NZSIOC Level 2),Sales (operating income),"Petroleum, Chemical, Polymer and Rubber Product Manufacturing",Current prices,Seasonally adjusted,
BDCQ.SF1CC5CS,2021.09,4437.343,,F,Dollars,6,Business Data Collection - BDC,Industry by financial variable (NZSIOC Level 2),Sales (operating income),"Petroleum, Chemical, Polymer and Rubber Product Manufacturing",Current prices,Seasonally adjusted,
BDCQ.SF1CC5CT,2016.06,3891.541,,R,Dollars,6,Business Data Collection - BDC,Industry by financial variable (NZSIOC Level 2),Sales (operating income),"Petroleum, Chemical, Polymer and Rubber Product Manufacturing",Current prices,Trend,
BDCQ.SF1CC5CT,2016.09,4039.093,,R,Dollars,6,Business Data Collection - BDC,Industry by financial variable (NZSIOC Level 2),Sales (operating income),"Petroleum, Chemical, Polymer and Rubber Product Manufacturing",Current prices,Trend,
BDCQ.SF1CC5CT,2016.12,4240.748,,R,Dollars,6,Business Data Collection - BDC,Industry by financial variable (NZSIOC Level 2),Sales (operating income),"Petroleum, Chemical, Polymer and Rubber Product Manufacturing",Current prices,Trend,
BDCQ.SF1CC5CT,2017.03,4409.078,,R,Dollars,6,Business Data Collection - BDC,Industry by financial variable (NZSIOC Level 2),Sales (operating income),"Petroleum, Chemical, Polymer and Rubber Product Manufacturing",Current prices,Trend,
BDCQ.SF1CC5CT,2017.06,4397.943,,R,Dollars,6,Business Data Collection - BDC,Industry by financial variable (NZSIOC Level 2),Sales (operating income),"Petroleum, Chemical, Polymer and Rubber Product Manufacturing",Current prices,Trend,
BDCQ.SF1CC5CT,2017.09,4416.575,,R,Dollars,6,Business Data Collection - BDC,Industry by financial variable (NZSIOC Level 2),Sales (operating income),"Petroleum, Chemical, Polymer and Rubber Product Manufacturing",Current prices,Trend,
BDCQ.SF1CC5CT,2017.12,4696.559,,R,Dollars,6,Business Data Collection - BDC,Industry by financial variable (NZSIOC Level 2),Sales (operating income),"Petroleum, Chemical, Polymer and Rubber Product Manufacturing",Current prices,Trend,
BDCQ.SF1CC5CT,2018.03,4897.679,,R,Dollars,6,Business Data Collection - BDC,Industry by financial variable (NZSIOC Level 2),Sales (operating income),"Petroleum, Chemical, Polymer and Rubber Product Manufacturing",Current prices,Trend,
BDCQ.SF1CC5CT,2018.06,5035.063,,R,Dollars,6,Business Data Collection - BDC,Industry by financial variable (NZSIOC Level 2),Sales (operating income),"Petroleum, Chemical, Polymer and Rubber Product Manufacturing",Current prices,Trend,
BDCQ.SF1CC5CT,2018.09,5171.312,,R,Dollars,6,Business Data Collection - BDC,Industry by financial variable (NZSIOC Level 2),Sales (operating income),"Petroleum, Chemical, Polymer and Rubber Product Manufacturing",Current prices,Trend,
BDCQ.SF1CC5CT,2018.12,5065.051,,R,Dollars,6,Business Data Collection - BDC,Industry by financial variable (NZSIOC Level 2),Sales (operating income),"Petroleum, Chemical, Polymer and Rubber Product Manufacturing",Current prices,Trend,
BDCQ.SF1CC5CT,2019.03,4825.592,,R,Dollars,6,Business Data Collection - BDC,Industry by financial variable (NZSIOC Level 2),Sales (operating income),"Petroleum, Chemical, Polymer and Rubber Product Manufacturing",Current prices,Trend,
BDCQ.SF1CC5CT,2019.06,4767.099,,R,Dollars,6,Business Data Collection - BDC,Industry by financial variable (NZSIOC Level 2),Sales (operating income),"Petroleum, Chemical, Polymer and Rubber Product Manufacturing",Current prices,Trend,
BDCQ.SF1CC5CT,2019.09,4794.461,,R,Dollars,6,Business Data Collection - BDC,Industry by financial variable (NZSIOC Level 2),Sales (operating income),"Petroleum, Chemical, Polymer and Rubber Product Manufacturing",Current prices,Trend,
BDCQ.SF1CC5CT,2019.12,4747.686,,R,Dollars,6,Business Data Collection - BDC,Industry by financial variable (NZSIOC Level 2),Sales (operating income),"Petroleum, Chemical, Polymer and Rubber Product Manufacturing",Current prices,Trend,
BDCQ.SF1CC5CT,2020.03,4597.083,,R,Dollars,6,Business Data Collection - BDC,Industry by financial variable (NZSIOC Level 2),Sales (operating income),"Petroleum, Chemical, Polymer and Rubber Product Manufacturing",Current prices,Trend,
BDCQ.SF1CC5CT,2020.06,,Y,C,Dollars,6,Business Data Collection - BDC,Industry by financial variable (NZSIOC Level 2),Sales (operating income),"Petroleum, Chemical, Polymer and Rubber Product Manufacturing",Current prices,Trend,
BDCQ.SF1CC5CT,2020.09,,Y,C,Dollars,6,Business Data Collection - BDC,Industry by financial variable (NZSIOC Level 2),Sales (operating income),"Petroleum, Chemical, Polymer and Rubber Product Manufacturing",Current prices,Trend,
BDCQ.SF1CC5CT,2020.12,,Y,C,Dollars,6,Business Data Collection - BDC,Industry by financial variable (NZSIOC Level 2),Sales (operating income),"Petroleum, Chemical, Polymer and Rubber Product Manufacturing",Current prices,Trend,
BDCQ.SF1CC5CT,2021.03,,Y,C,Dollars,6,Business Data Collection - BDC,Industry by financial variable (NZSIOC Level 2),Sales (operating income),"Petroleum, Chemical, Polymer and Rubber Product Manufacturing",Current prices,Trend,
BDCQ.SF1CC5CT,2021.06,,Y,C,Dollars,6,Business Data Collection - BDC,Industry by financial variable (NZSIOC Level 2),Sales (operating income),"Petroleum, Chemical, Polymer and Rubber Product Manufacturing",Current prices,Trend,
BDCQ.SF1CC5CT,2021.09,,Y,C,Dollars,6,Business Data Collection - BDC,Industry by financial variable (NZSIOC Level 2),Sales (operating income),"Petroleum, Chemical, Polymer and Rubber Product Manufacturing",Current prices,Trend,
BDCQ.SF1CC6CA,2016.06,896.253,,F,Dollars,6,Business Data Collection - BDC,Industry by financial variable (NZSIOC Level 2),Sales (operating income),Non-Metallic Mineral Product Manufacturing,Current prices,Unadjusted,
BDCQ.SF1CC6CA,2016.09,916.132,,F,Dollars,6,Business Data Collection - BDC,Industry by financial variable (NZSIOC Level 2),Sales (operating income),Non-Metallic Mineral Product Manufacturing,Current prices,Unadjusted,
BDCQ.SF1CC6CA,2016.12,926.353,,F,Dollars,6,Business Data Collection - BDC,Industry by financial variable (NZSIOC Level 2),Sales (operating income),Non-Metallic Mineral Product Manufacturing,Current prices,Unadjusted,
BDCQ.SF1CC6CA,2017.03,834.766,,F,Dollars,6,Business Data Collection - BDC,Industry by financial variable (NZSIOC Level 2),Sales (operating income),Non-Metallic Mineral Product Manufacturing,Current prices,Unadjusted,
BDCQ.SF1CC6CA,2017.06,880.209,,F,Dollars,6,Business Data Collection - BDC,Industry by financial variable (NZSIOC Level 2),Sales (operating income),Non-Metallic Mineral Product Manufacturing,Current prices,Unadjusted,
BDCQ.SF1CC6CA,2017.09,933.792,,F,Dollars,6,Business Data Collection - BDC,Industry by financial variable (NZSIOC Level 2),Sales (operating income),Non-Metallic Mineral Product Manufacturing,Current prices,Unadjusted,
BDCQ.SF1CC6CA,2017.12,953.3,,F,Dollars,6,Business Data Collection - BDC,Industry by financial variable (NZSIOC Level 2),Sales (operating income),Non-Metallic Mineral Product Manufacturing,Current prices,Unadjusted,
BDCQ.SF1CC6CA,2018.03,818.395,,F,Dollars,6,Business Data Collection - BDC,Industry by financial variable (NZSIOC Level 2),Sales (operating income),Non-Metallic Mineral Product Manufacturing,Current prices,Unadjusted,
BDCQ.SF1CC6CA,2018.06,895.345,,F,Dollars,6,Business Data Collection - BDC,Industry by financial variable (NZSIOC Level 2),Sales (operating income),Non-Metallic Mineral Product Manufacturing,Current prices,Unadjusted,
BDCQ.SF1CC6CA,2018.09,956.138,,F,Dollars,6,Business Data Collection - BDC,Industry by financial variable (NZSIOC Level 2),Sales (operating income),Non-Metallic Mineral Product Manufacturing,Current prices,Unadjusted,
BDCQ.SF1CC6CA,2018.12,923.495,,F,Dollars,6,Business Data Collection - BDC,Industry by financial variable (NZSIOC Level 2),Sales (operating income),Non-Metallic Mineral Product Manufacturing,Current prices,Unadjusted,
BDCQ.SF1CC6CA,2019.03,874.952,,F,Dollars,6,Business Data Collection - BDC,Industry by financial variable (NZSIOC Level 2),Sales (operating income),Non-Metallic Mineral Product Manufacturing,Current prices,Unadjusted,
BDCQ.SF1CC6CA,2019.06,944.955,,F,Dollars,6,Business Data Collection - BDC,Industry by financial variable (NZSIOC Level 2),Sales (operating income),Non-Metallic Mineral Product Manufacturing,Current prices,Unadjusted,
BDCQ.SF1CC6CA,2019.09,955.735,,F,Dollars,6,Business Data Collection - BDC,Industry by financial variable (NZSIOC Level 2),Sales (operating income),Non-Metallic Mineral Product Manufacturing,Current prices,Unadjusted,
BDCQ.SF1CC6CA,2019.12,944.601,,F,Dollars,6,Business Data Collection - BDC,Industry by financial variable (NZSIOC Level 2),Sales (operating income),Non-Metallic Mineral Product Manufacturing,Current prices,Unadjusted,
BDCQ.SF1CC6CA,2020.03,860.444,,F,Dollars,6,Business Data Collection - BDC,Industry by financial variable (NZSIOC Level 2),Sales (operating income),Non-Metallic Mineral Product Manufacturing,Current prices,Unadjusted,
BDCQ.SF1CC6CA,2020.06,723.382,,F,Dollars,6,Business Data Collection - BDC,Industry by financial variable (NZSIOC Level 2),Sales (operating income),Non-Metallic Mineral Product Manufacturing,Current prices,Unadjusted,
BDCQ.SF1CC6CA,2020.09,1033.746,,F,Dollars,6,Business Data Collection - BDC,Industry by financial variable (NZSIOC Level 2),Sales (operating income),Non-Metallic Mineral Product Manufacturing,Current prices,Unadjusted,
BDCQ.SF1CC6CA,2020.12,1024.605,,F,Dollars,6,Business Data Collection - BDC,Industry by financial variable (NZSIOC Level 2),Sales (operating income),Non-Metallic Mineral Product Manufacturing,Current prices,Unadjusted,
BDCQ.SF1CC6CA,2021.03,961.839,,F,Dollars,6,Business Data Collection - BDC,Industry by financial variable (NZSIOC Level 2),Sales (operating income),Non-Metallic Mineral Product Manufacturing,Current prices,Unadjusted,
BDCQ.SF1CC6CA,2021.06,1066.475,,F,Dollars,6,Business Data Collection - BDC,Industry by financial variable (NZSIOC Level 2),Sales (operating income),Non-Metallic Mineral Product Manufacturing,Current prices,Unadjusted,
BDCQ.SF1CC6CA,2021.09,902.091,,F,Dollars,6,Business Data Collection - BDC,Industry by financial variable (NZSIOC Level 2),Sales (operating income),Non-Metallic Mineral Product Manufacturing,Current prices,Unadjusted,
BDCQ.SF1CC6CS,2016.06,901.57,,R,Dollars,6,Business Data Collection - BDC,Industry by financial variable (NZSIOC Level 2),Sales (operating income),Non-Metallic Mineral Product Manufacturing,Current prices,Seasonally adjusted,
BDCQ.SF1CC6CS,2016.09,890.447,,R,Dollars,6,Business Data Collection - BDC,Industry by financial variable (NZSIOC Level 2),Sales (operating income),Non-Metallic Mineral Product Manufacturing,Current prices,Seasonally adjusted,
BDCQ.SF1CC6CS,2016.12,890.933,,R,Dollars,6,Business Data Collection - BDC,Industry by financial variable (NZSIOC Level 2),Sales (operating income),Non-Metallic Mineral Product Manufacturing,Current prices,Seasonally adjusted,
BDCQ.SF1CC6CS,2017.03,894.58,,R,Dollars,6,Business Data Collection - BDC,Industry by financial variable (NZSIOC Level 2),Sales (operating income),Non-Metallic Mineral Product Manufacturing,Current prices,Seasonally adjusted,
BDCQ.SF1CC6CS,2017.06,882.02,,R,Dollars,6,Business Data Collection - BDC,Industry by financial variable (NZSIOC Level 2),Sales (operating income),Non-Metallic Mineral Product Manufacturing,Current prices,Seasonally adjusted,
BDCQ.SF1CC6CS,2017.09,904.676,,R,Dollars,6,Business Data Collection - BDC,Industry by financial variable (NZSIOC Level 2),Sales (operating income),Non-Metallic Mineral Product Manufacturing,Current prices,Seasonally adjusted,
BDCQ.SF1CC6CS,2017.12,919.465,,R,Dollars,6,Business Data Collection - BDC,Industry by financial variable (NZSIOC Level 2),Sales (operating income),Non-Metallic Mineral Product Manufacturing,Current prices,Seasonally adjusted,
BDCQ.SF1CC6CS,2018.03,879.596,,R,Dollars,6,Business Data Collection - BDC,Industry by financial variable (NZSIOC Level 2),Sales (operating income),Non-Metallic Mineral Product Manufacturing,Current prices,Seasonally adjusted,
BDCQ.SF1CC6CS,2018.06,894.067,,R,Dollars,6,Business Data Collection - BDC,Industry by financial variable (NZSIOC Level 2),Sales (operating income),Non-Metallic Mineral Product Manufacturing,Current prices,Seasonally adjusted,
BDCQ.SF1CC6CS,2018.09,925.305,,R,Dollars,6,Business Data Collection - BDC,Industry by financial variable (NZSIOC Level 2),Sales (operating income),Non-Metallic Mineral Product Manufacturing,Current prices,Seasonally adjusted,
BDCQ.SF1CC6CS,2018.12,893.323,,R,Dollars,6,Business Data Collection - BDC,Industry by financial variable (NZSIOC Level 2),Sales (operating income),Non-Metallic Mineral Product Manufacturing,Current prices,Seasonally adjusted,
BDCQ.SF1CC6CS,2019.03,940.826,,R,Dollars,6,Business Data Collection - BDC,Industry by financial variable (NZSIOC Level 2),Sales (operating income),Non-Metallic Mineral Product Manufacturing,Current prices,Seasonally adjusted,
BDCQ.SF1CC6CS,2019.06,941.119,,R,Dollars,6,Business Data Collection - BDC,Industry by financial variable (NZSIOC Level 2),Sales (operating income),Non-Metallic Mineral Product Manufacturing,Current prices,Seasonally adjusted,
BDCQ.SF1CC6CS,2019.09,923.968,,R,Dollars,6,Business Data Collection - BDC,Industry by financial variable (NZSIOC Level 2),Sales (operating income),Non-Metallic Mineral Product Manufacturing,Current prices,Seasonally adjusted,
BDCQ.SF1CC6CS,2019.12,918.318,,R,Dollars,6,Business Data Collection - BDC,Industry by financial variable (NZSIOC Level 2),Sales (operating income),Non-Metallic Mineral Product Manufacturing,Current prices,Seasonally adjusted,
BDCQ.SF1CC6CS,2020.03,922.458,,R,Dollars,6,Business Data Collection - BDC,Industry by financial variable (NZSIOC Level 2),Sales (operating income),Non-Metallic Mineral Product Manufacturing,Current prices,Seasonally adjusted,
BDCQ.SF1CC6CS,2020.06,718.884,,R,Dollars,6,Business Data Collection - BDC,Industry by financial variable (NZSIOC Level 2),Sales (operating income),Non-Metallic Mineral Product Manufacturing,Current prices,Seasonally adjusted,
BDCQ.SF1CC6CS,2020.09,1001.071,,R,Dollars,6,Business Data Collection - BDC,Industry by financial variable (NZSIOC Level 2),Sales (operating income),Non-Metallic Mineral Product Manufacturing,Current prices,Seasonally adjusted,
BDCQ.SF1CC6CS,2020.12,998.185,,R,Dollars,6,Business Data Collection - BDC,Industry by financial variable (NZSIOC Level 2),Sales (operating income),Non-Metallic Mineral Product Manufacturing,Current prices,Seasonally adjusted,
BDCQ.SF1CC6CS,2021.03,1029.331,,R,Dollars,6,Business Data Collection - BDC,Industry by financial variable (NZSIOC Level 2),Sales (operating income),Non-Metallic Mineral Product Manufacturing,Current prices,Seasonally adjusted,
BDCQ.SF1CC6CS,2021.06,1057.643,,R,Dollars,6,Business Data Collection - BDC,Industry by financial variable (NZSIOC Level 2),Sales (operating income),Non-Metallic Mineral Product Manufacturing,Current prices,Seasonally adjusted,
BDCQ.SF1CC6CS,2021.09,875.295,,F,Dollars,6,Business Data Collection - BDC,Industry by financial variable (NZSIOC Level 2),Sales (operating income),Non-Metallic Mineral Product Manufacturing,Current prices,Seasonally adjusted,
BDCQ.SF1CC6CT,2016.06,886.04,,R,Dollars,6,Business Data Collection - BDC,Industry by financial variable (NZSIOC Level 2),Sales (operating income),Non-Metallic Mineral Product Manufacturing,Current prices,Trend,
BDCQ.SF1CC6CT,2016.09,896.745,,R,Dollars,6,Business Data Collection - BDC,Industry by financial variable (NZSIOC Level 2),Sales (operating income),Non-Metallic Mineral Product Manufacturing,Current prices,Trend,
BDCQ.SF1CC6CT,2016.12,891.735,,R,Dollars,6,Business Data Collection - BDC,Industry by financial variable (NZSIOC Level 2),Sales (operating income),Non-Metallic Mineral Product Manufacturing,Current prices,Trend,
BDCQ.SF1CC6CT,2017.03,889.382,,R,Dollars,6,Business Data Collection - BDC,Industry by financial variable (NZSIOC Level 2),Sales (operating income),Non-Metallic Mineral Product Manufacturing,Current prices,Trend,
BDCQ.SF1CC6CT,2017.06,888.959,,R,Dollars,6,Business Data Collection - BDC,Industry by financial variable (NZSIOC Level 2),Sales (operating income),Non-Metallic Mineral Product Manufacturing,Current prices,Trend,
BDCQ.SF1CC6CT,2017.09,904.949,,R,Dollars,6,Business Data Collection - BDC,Industry by financial variable (NZSIOC Level 2),Sales (operating income),Non-Metallic Mineral Product Manufacturing,Current prices,Trend,
BDCQ.SF1CC6CT,2017.12,908.026,,R,Dollars,6,Business Data Collection - BDC,Industry by financial variable (NZSIOC Level 2),Sales (operating income),Non-Metallic Mineral Product Manufacturing,Current prices,Trend,
BDCQ.SF1CC6CT,2018.03,890.512,,R,Dollars,6,Business Data Collection - BDC,Industry by financial variable (NZSIOC Level 2),Sales (operating income),Non-Metallic Mineral Product Manufacturing,Current prices,Trend,
BDCQ.SF1CC6CT,2018.06,895.855,,R,Dollars,6,Business Data Collection - BDC,Industry by financial variable (NZSIOC Level 2),Sales (operating income),Non-Metallic Mineral Product Manufacturing,Current prices,Trend,
BDCQ.SF1CC6CT,2018.09,910.614,,R,Dollars,6,Business Data Collection - BDC,Industry by financial variable (NZSIOC Level 2),Sales (operating income),Non-Metallic Mineral Product Manufacturing,Current prices,Trend,
BDCQ.SF1CC6CT,2018.12,917.89,,R,Dollars,6,Business Data Collection - BDC,Industry by financial variable (NZSIOC Level 2),Sales (operating income),Non-Metallic Mineral Product Manufacturing,Current prices,Trend,
BDCQ.SF1CC6CT,2019.03,932.329,,R,Dollars,6,Business Data Collection - BDC,Industry by financial variable (NZSIOC Level 2),Sales (operating income),Non-Metallic Mineral Product Manufacturing,Current prices,Trend,
BDCQ.SF1CC6CT,2019.06,940.47,,R,Dollars,6,Business Data Collection - BDC,Industry by financial variable (NZSIOC Level 2),Sales (operating income),Non-Metallic Mineral Product Manufacturing,Current prices,Trend,
BDCQ.SF1CC6CT,2019.09,926.219,,R,Dollars,6,Business Data Collection - BDC,Industry by financial variable (NZSIOC Level 2),Sales (operating income),Non-Metallic Mineral Product Manufacturing,Current prices,Trend,
BDCQ.SF1CC6CT,2019.12,917.913,,R,Dollars,6,Business Data Collection - BDC,Industry by financial variable (NZSIOC Level 2),Sales (operating income),Non-Metallic Mineral Product Manufacturing,Current prices,Trend,
BDCQ.SF1CC6CT,2020.03,923.458,,R,Dollars,6,Business Data Collection - BDC,Industry by financial variable (NZSIOC Level 2),Sales (operating income),Non-Metallic Mineral Product Manufacturing,Current prices,Trend,
BDCQ.SF1CC6CT,2020.06,,Y,C,Dollars,6,Business Data Collection - BDC,Industry by financial variable (NZSIOC Level 2),Sales (operating income),Non-Metallic Mineral Product Manufacturing,Current prices,Trend,
BDCQ.SF1CC6CT,2020.09,,Y,C,Dollars,6,Business Data Collection - BDC,Industry by financial variable (NZSIOC Level 2),Sales (operating income),Non-Metallic Mineral Product Manufacturing,Current prices,Trend,
BDCQ.SF1CC6CT,2020.12,,Y,C,Dollars,6,Business Data Collection - BDC,Industry by financial variable (NZSIOC Level 2),Sales (operating income),Non-Metallic Mineral Product Manufacturing,Current prices,Trend,
BDCQ.SF1CC6CT,2021.03,,Y,C,Dollars,6,Business Data Collection - BDC,Industry by financial variable (NZSIOC Level 2),Sales (operating income),Non-Metallic Mineral Product Manufacturing,Current prices,Trend,
BDCQ.SF1CC6CT,2021.06,,Y,C,Dollars,6,Business Data Collection - BDC,Industry by financial variable (NZSIOC Level 2),Sales (operating income),Non-Metallic Mineral Product Manufacturing,Current prices,Trend,
BDCQ.SF1CC6CT,2021.09,,Y,C,Dollars,6,Business Data Collection - BDC,Industry by financial variable (NZSIOC Level 2),Sales (operating income),Non-Metallic Mineral Product Manufacturing,Current prices,Trend,
BDCQ.SF1CC7CA,2016.06,2432.778,,F,Dollars,6,Business Data Collection - BDC,Industry by financial variable (NZSIOC Level 2),Sales (operating income),Metal Product Manufacturing,Current prices,Unadjusted,
BDCQ.SF1CC7CA,2016.09,2498.432,,F,Dollars,6,Business Data Collection - BDC,Industry by financial variable (NZSIOC Level 2),Sales (operating income),Metal Product Manufacturing,Current prices,Unadjusted,
BDCQ.SF1CC7CA,2016.12,2499.28,,F,Dollars,6,Business Data Collection - BDC,Industry by financial variable (NZSIOC Level 2),Sales (operating income),Metal Product Manufacturing,Current prices,Unadjusted,
BDCQ.SF1CC7CA,2017.03,2362.348,,F,Dollars,6,Business Data Collection - BDC,Industry by financial variable (NZSIOC Level 2),Sales (operating income),Metal Product Manufacturing,Current prices,Unadjusted,
BDCQ.SF1CC7CA,2017.06,2677.296,,F,Dollars,6,Business Data Collection - BDC,Industry by financial variable (NZSIOC Level 2),Sales (operating income),Metal Product Manufacturing,Current prices,Unadjusted,
BDCQ.SF1CC7CA,2017.09,2745.004,,F,Dollars,6,Business Data Collection - BDC,Industry by financial variable (NZSIOC Level 2),Sales (operating income),Metal Product Manufacturing,Current prices,Unadjusted,
BDCQ.SF1CC7CA,2017.12,2640.204,,F,Dollars,6,Business Data Collection - BDC,Industry by financial variable (NZSIOC Level 2),Sales (operating income),Metal Product Manufacturing,Current prices,Unadjusted,
BDCQ.SF1CC7CA,2018.03,2520.431,,F,Dollars,6,Business Data Collection - BDC,Industry by financial variable (NZSIOC Level 2),Sales (operating income),Metal Product Manufacturing,Current prices,Unadjusted,
BDCQ.SF1CC7CA,2018.06,2831.651,,F,Dollars,6,Business Data Collection - BDC,Industry by financial variable (NZSIOC Level 2),Sales (operating income),Metal Product Manufacturing,Current prices,Unadjusted,
BDCQ.SF1CC7CA,2018.09,2928.06,,F,Dollars,6,Business Data Collection - BDC,Industry by financial variable (NZSIOC Level 2),Sales (operating income),Metal Product Manufacturing,Current prices,Unadjusted,
BDCQ.SF1CC7CA,2018.12,2860.894,,F,Dollars,6,Business Data Collection - BDC,Industry by financial variable (NZSIOC Level 2),Sales (operating income),Metal Product Manufacturing,Current prices,Unadjusted,
BDCQ.SF1CC7CA,2019.03,2642.363,,F,Dollars,6,Business Data Collection - BDC,Industry by financial variable (NZSIOC Level 2),Sales (operating income),Metal Product Manufacturing,Current prices,Unadjusted,
BDCQ.SF1CC7CA,2019.06,2871.895,,F,Dollars,6,Business Data Collection - BDC,Industry by financial variable (NZSIOC Level 2),Sales (operating income),Metal Product Manufacturing,Current prices,Unadjusted,
BDCQ.SF1CC7CA,2019.09,3041.137,,F,Dollars,6,Business Data Collection - BDC,Industry by financial variable (NZSIOC Level 2),Sales (operating income),Metal Product Manufacturing,Current prices,Unadjusted,
BDCQ.SF1CC7CA,2019.12,2916.519,,F,Dollars,6,Business Data Collection - BDC,Industry by financial variable (NZSIOC Level 2),Sales (operating income),Metal Product Manufacturing,Current prices,Unadjusted,
BDCQ.SF1CC7CA,2020.03,2599.168,,F,Dollars,6,Business Data Collection - BDC,Industry by financial variable (NZSIOC Level 2),Sales (operating income),Metal Product Manufacturing,Current prices,Unadjusted,
BDCQ.SF1CC7CA,2020.06,2260.46,,F,Dollars,6,Business Data Collection - BDC,Industry by financial variable (NZSIOC Level 2),Sales (operating income),Metal Product Manufacturing,Current prices,Unadjusted,
BDCQ.SF1CC7CA,2020.09,3070.947,,F,Dollars,6,Business Data Collection - BDC,Industry by financial variable (NZSIOC Level 2),Sales (operating income),Metal Product Manufacturing,Current prices,Unadjusted,
BDCQ.SF1CC7CA,2020.12,2999.024,,F,Dollars,6,Business Data Collection - BDC,Industry by financial variable (NZSIOC Level 2),Sales (operating income),Metal Product Manufacturing,Current prices,Unadjusted,
BDCQ.SF1CC7CA,2021.03,2754.132,,F,Dollars,6,Business Data Collection - BDC,Industry by financial variable (NZSIOC Level 2),Sales (operating income),Metal Product Manufacturing,Current prices,Unadjusted,
BDCQ.SF1CC7CA,2021.06,3230.641,,F,Dollars,6,Business Data Collection - BDC,Industry by financial variable (NZSIOC Level 2),Sales (operating income),Metal Product Manufacturing,Current prices,Unadjusted,
BDCQ.SF1CC7CA,2021.09,2879.037,,F,Dollars,6,Business Data Collection - BDC,Industry by financial variable (NZSIOC Level 2),Sales (operating income),Metal Product Manufacturing,Current prices,Unadjusted,
BDCQ.SF1CC7CS,2016.06,2390.03,,R,Dollars,6,Business Data Collection - BDC,Industry by financial variable (NZSIOC Level 2),Sales (operating income),Metal Product Manufacturing,Current prices,Seasonally adjusted,
BDCQ.SF1CC7CS,2016.09,2401.639,,R,Dollars,6,Business Data Collection - BDC,Industry by financial variable (NZSIOC Level 2),Sales (operating income),Metal Product Manufacturing,Current prices,Seasonally adjusted,
BDCQ.SF1CC7CS,2016.12,2472.699,,R,Dollars,6,Business Data Collection - BDC,Industry by financial variable (NZSIOC Level 2),Sales (operating income),Metal Product Manufacturing,Current prices,Seasonally adjusted,
BDCQ.SF1CC7CS,2017.03,2543.201,,R,Dollars,6,Business Data Collection - BDC,Industry by financial variable (NZSIOC Level 2),Sales (operating income),Metal Product Manufacturing,Current prices,Seasonally adjusted,
BDCQ.SF1CC7CS,2017.06,2626.44,,R,Dollars,6,Business Data Collection - BDC,Industry by financial variable (NZSIOC Level 2),Sales (operating income),Metal Product Manufacturing,Current prices,Seasonally adjusted,
BDCQ.SF1CC7CS,2017.09,2632.382,,R,Dollars,6,Business Data Collection - BDC,Industry by financial variable (NZSIOC Level 2),Sales (operating income),Metal Product Manufacturing,Current prices,Seasonally adjusted,
BDCQ.SF1CC7CS,2017.12,2612.564,,R,Dollars,6,Business Data Collection - BDC,Industry by financial variable (NZSIOC Level 2),Sales (operating income),Metal Product Manufacturing,Current prices,Seasonally adjusted,
BDCQ.SF1CC7CS,2018.03,2726.516,,R,Dollars,6,Business Data Collection - BDC,Industry by financial variable (NZSIOC Level 2),Sales (operating income),Metal Product Manufacturing,Current prices,Seasonally adjusted,
BDCQ.SF1CC7CS,2018.06,2772.09,,R,Dollars,6,Business Data Collection - BDC,Industry by financial variable (NZSIOC Level 2),Sales (operating income),Metal Product Manufacturing,Current prices,Seasonally adjusted,
BDCQ.SF1CC7CS,2018.09,2799.8,,R,Dollars,6,Business Data Collection - BDC,Industry by financial variable (NZSIOC Level 2),Sales (operating income),Metal Product Manufacturing,Current prices,Seasonally adjusted,
BDCQ.SF1CC7CS,2018.12,2834.435,,R,Dollars,6,Business Data Collection - BDC,Industry by financial variable (NZSIOC Level 2),Sales (operating income),Metal Product Manufacturing,Current prices,Seasonally adjusted,
BDCQ.SF1CC7CS,2019.03,2868.27,,R,Dollars,6,Business Data Collection - BDC,Industry by financial variable (NZSIOC Level 2),Sales (operating income),Metal Product Manufacturing,Current prices,Seasonally adjusted,
BDCQ.SF1CC7CS,2019.06,2807.832,,R,Dollars,6,Business Data Collection - BDC,Industry by financial variable (NZSIOC Level 2),Sales (operating income),Metal Product Manufacturing,Current prices,Seasonally adjusted,
BDCQ.SF1CC7CS,2019.09,2902.577,,R,Dollars,6,Business Data Collection - BDC,Industry by financial variable (NZSIOC Level 2),Sales (operating income),Metal Product Manufacturing,Current prices,Seasonally adjusted,
BDCQ.SF1CC7CS,2019.12,2887.987,,R,Dollars,6,Business Data Collection - BDC,Industry by financial variable (NZSIOC Level 2),Sales (operating income),Metal Product Manufacturing,Current prices,Seasonally adjusted,
BDCQ.SF1CC7CS,2020.03,2831.785,,R,Dollars,6,Business Data Collection - BDC,Industry by financial variable (NZSIOC Level 2),Sales (operating income),Metal Product Manufacturing,Current prices,Seasonally adjusted,
BDCQ.SF1CC7CS,2020.06,2208.173,,R,Dollars,6,Business Data Collection - BDC,Industry by financial variable (NZSIOC Level 2),Sales (operating income),Metal Product Manufacturing,Current prices,Seasonally adjusted,
BDCQ.SF1CC7CS,2020.09,2926.575,,R,Dollars,6,Business Data Collection - BDC,Industry by financial variable (NZSIOC Level 2),Sales (operating income),Metal Product Manufacturing,Current prices,Seasonally adjusted,
BDCQ.SF1CC7CS,2020.12,2968.083,,R,Dollars,6,Business Data Collection - BDC,Industry by financial variable (NZSIOC Level 2),Sales (operating income),Metal Product Manufacturing,Current prices,Seasonally adjusted,
BDCQ.SF1CC7CS,2021.03,3008.47,,R,Dollars,6,Business Data Collection - BDC,Industry by financial variable (NZSIOC Level 2),Sales (operating income),Metal Product Manufacturing,Current prices,Seasonally adjusted,
BDCQ.SF1CC7CS,2021.06,3153.815,,R,Dollars,6,Business Data Collection - BDC,Industry by financial variable (NZSIOC Level 2),Sales (operating income),Metal Product Manufacturing,Current prices,Seasonally adjusted,
BDCQ.SF1CC7CS,2021.09,2742.221,,F,Dollars,6,Business Data Collection - BDC,Industry by financial variable (NZSIOC Level 2),Sales (operating income),Metal Product Manufacturing,Current prices,Seasonally adjusted,
BDCQ.SF1CC7CT,2016.06,2383.908,,R,Dollars,6,Business Data Collection - BDC,Industry by financial variable (NZSIOC Level 2),Sales (operating income),Metal Product Manufacturing,Current prices,Trend,
BDCQ.SF1CC7CT,2016.09,2411.012,,R,Dollars,6,Business Data Collection - BDC,Industry by financial variable (NZSIOC Level 2),Sales (operating income),Metal Product Manufacturing,Current prices,Trend,
BDCQ.SF1CC7CT,2016.12,2467.316,,R,Dollars,6,Business Data Collection - BDC,Industry by financial variable (NZSIOC Level 2),Sales (operating income),Metal Product Manufacturing,Current prices,Trend,
BDCQ.SF1CC7CT,2017.03,2550.788,,R,Dollars,6,Business Data Collection - BDC,Industry by financial variable (NZSIOC Level 2),Sales (operating income),Metal Product Manufacturing,Current prices,Trend,
BDCQ.SF1CC7CT,2017.06,2615.625,,R,Dollars,6,Business Data Collection - BDC,Industry by financial variable (NZSIOC Level 2),Sales (operating income),Metal Product Manufacturing,Current prices,Trend,
BDCQ.SF1CC7CT,2017.09,2626.13,,R,Dollars,6,Business Data Collection - BDC,Industry by financial variable (NZSIOC Level 2),Sales (operating income),Metal Product Manufacturing,Current prices,Trend,
BDCQ.SF1CC7CT,2017.12,2642.316,,R,Dollars,6,Business Data Collection - BDC,Industry by financial variable (NZSIOC Level 2),Sales (operating income),Metal Product Manufacturing,Current prices,Trend,
BDCQ.SF1CC7CT,2018.03,2709.642,,R,Dollars,6,Business Data Collection - BDC,Industry by financial variable (NZSIOC Level 2),Sales (operating income),Metal Product Manufacturing,Current prices,Trend,
BDCQ.SF1CC7CT,2018.06,2773.56,,R,Dollars,6,Business Data Collection - BDC,Industry by financial variable (NZSIOC Level 2),Sales (operating income),Metal Product Manufacturing,Current prices,Trend,
BDCQ.SF1CC7CT,2018.09,2802.188,,R,Dollars,6,Business Data Collection - BDC,Industry by financial variable (NZSIOC Level 2),Sales (operating income),Metal Product Manufacturing,Current prices,Trend,
BDCQ.SF1CC7CT,2018.12,2838.649,,R,Dollars,6,Business Data Collection - BDC,Industry by financial variable (NZSIOC Level 2),Sales (operating income),Metal Product Manufacturing,Current prices,Trend,
BDCQ.SF1CC7CT,2019.03,2851.419,,R,Dollars,6,Business Data Collection - BDC,Industry by financial variable (NZSIOC Level 2),Sales (operating income),Metal Product Manufacturing,Current prices,Trend,
BDCQ.SF1CC7CT,2019.06,2861.437,,R,Dollars,6,Business Data Collection - BDC,Industry by financial variable (NZSIOC Level 2),Sales (operating income),Metal Product Manufacturing,Current prices,Trend,
BDCQ.SF1CC7CT,2019.09,2886.511,,R,Dollars,6,Business Data Collection - BDC,Industry by financial variable (NZSIOC Level 2),Sales (operating income),Metal Product Manufacturing,Current prices,Trend,
BDCQ.SF1CC7CT,2019.12,2881.078,,R,Dollars,6,Business Data Collection - BDC,Industry by financial variable (NZSIOC Level 2),Sales (operating income),Metal Product Manufacturing,Current prices,Trend,
BDCQ.SF1CC7CT,2020.03,2848.186,,R,Dollars,6,Business Data Collection - BDC,Industry by financial variable (NZSIOC Level 2),Sales (operating income),Metal Product Manufacturing,Current prices,Trend,
BDCQ.SF1CC7CT,2020.06,,Y,C,Dollars,6,Business Data Collection - BDC,Industry by financial variable (NZSIOC Level 2),Sales (operating income),Metal Product Manufacturing,Current prices,Trend,
BDCQ.SF1CC7CT,2020.09,,Y,C,Dollars,6,Business Data Collection - BDC,Industry by financial variable (NZSIOC Level 2),Sales (operating income),Metal Product Manufacturing,Current prices,Trend,
BDCQ.SF1CC7CT,2020.12,,Y,C,Dollars,6,Business Data Collection - BDC,Industry by financial variable (NZSIOC Level 2),Sales (operating income),Metal Product Manufacturing,Current prices,Trend,
BDCQ.SF1CC7CT,2021.03,,Y,C,Dollars,6,Business Data Collection - BDC,Industry by financial variable (NZSIOC Level 2),Sales (operating income),Metal Product Manufacturing,Current prices,Trend,
BDCQ.SF1CC7CT,2021.06,,Y,C,Dollars,6,Business Data Collection - BDC,Industry by financial variable (NZSIOC Level 2),Sales (operating income),Metal Product Manufacturing,Current prices,Trend,
BDCQ.SF1CC7CT,2021.09,,Y,C,Dollars,6,Business Data Collection - BDC,Industry by financial variable (NZSIOC Level 2),Sales (operating income),Metal Product Manufacturing,Current prices,Trend,
BDCQ.SF1CC8CA,2016.06,2816.89,,F,Dollars,6,Business Data Collection - BDC,Industry by financial variable (NZSIOC Level 2),Sales (operating income),"Transport Equipment, Machinery and Equipment Manufacturing",Current prices,Unadjusted,
BDCQ.SF1CC8CA,2016.09,2921.187,,F,Dollars,6,Business Data Collection - BDC,Industry by financial variable (NZSIOC Level 2),Sales (operating income),"Transport Equipment, Machinery and Equipment Manufacturing",Current prices,Unadjusted,
BDCQ.SF1CC8CA,2016.12,2860.234,,F,Dollars,6,Business Data Collection - BDC,Industry by financial variable (NZSIOC Level 2),Sales (operating income),"Transport Equipment, Machinery and Equipment Manufacturing",Current prices,Unadjusted,
BDCQ.SF1CC8CA,2017.03,2585.31,,F,Dollars,6,Business Data Collection - BDC,Industry by financial variable (NZSIOC Level 2),Sales (operating income),"Transport Equipment, Machinery and Equipment Manufacturing",Current prices,Unadjusted,
BDCQ.SF1CC8CA,2017.06,2946.76,,F,Dollars,6,Business Data Collection - BDC,Industry by financial variable (NZSIOC Level 2),Sales (operating income),"Transport Equipment, Machinery and Equipment Manufacturing",Current prices,Unadjusted,
BDCQ.SF1CC8CA,2017.09,3150.819,,F,Dollars,6,Business Data Collection - BDC,Industry by financial variable (NZSIOC Level 2),Sales (operating income),"Transport Equipment, Machinery and Equipment Manufacturing",Current prices,Unadjusted,
BDCQ.SF1CC8CA,2017.12,3004.505,,F,Dollars,6,Business Data Collection - BDC,Industry by financial variable (NZSIOC Level 2),Sales (operating income),"Transport Equipment, Machinery and Equipment Manufacturing",Current prices,Unadjusted,
BDCQ.SF1CC8CA,2018.03,2827.124,,F,Dollars,6,Business Data Collection - BDC,Industry by financial variable (NZSIOC Level 2),Sales (operating income),"Transport Equipment, Machinery and Equipment Manufacturing",Current prices,Unadjusted,
BDCQ.SF1CC8CA,2018.06,3236.153,,F,Dollars,6,Business Data Collection - BDC,Industry by financial variable (NZSIOC Level 2),Sales (operating income),"Transport Equipment, Machinery and Equipment Manufacturing",Current prices,Unadjusted,
BDCQ.SF1CC8CA,2018.09,3337.87,,F,Dollars,6,Business Data Collection - BDC,Industry by financial variable (NZSIOC Level 2),Sales (operating income),"Transport Equipment, Machinery and Equipment Manufacturing",Current prices,Unadjusted,
BDCQ.SF1CC8CA,2018.12,3294.508,,F,Dollars,6,Business Data Collection - BDC,Industry by financial variable (NZSIOC Level 2),Sales (operating income),"Transport Equipment, Machinery and Equipment Manufacturing",Current prices,Unadjusted,
BDCQ.SF1CC8CA,2019.03,2939.344,,F,Dollars,6,Business Data Collection - BDC,Industry by financial variable (NZSIOC Level 2),Sales (operating income),"Transport Equipment, Machinery and Equipment Manufacturing",Current prices,Unadjusted,
BDCQ.SF1CC8CA,2019.06,3121.496,,F,Dollars,6,Business Data Collection - BDC,Industry by financial variable (NZSIOC Level 2),Sales (operating income),"Transport Equipment, Machinery and Equipment Manufacturing",Current prices,Unadjusted,
BDCQ.SF1CC8CA,2019.09,3426.489,,F,Dollars,6,Business Data Collection - BDC,Industry by financial variable (NZSIOC Level 2),Sales (operating income),"Transport Equipment, Machinery and Equipment Manufacturing",Current prices,Unadjusted,
BDCQ.SF1CC8CA,2019.12,3480.549,,F,Dollars,6,Business Data Collection - BDC,Industry by financial variable (NZSIOC Level 2),Sales (operating income),"Transport Equipment, Machinery and Equipment Manufacturing",Current prices,Unadjusted,
BDCQ.SF1CC8CA,2020.03,3038.73,,F,Dollars,6,Business Data Collection - BDC,Industry by financial variable (NZSIOC Level 2),Sales (operating income),"Transport Equipment, Machinery and Equipment Manufacturing",Current prices,Unadjusted,
BDCQ.SF1CC8CA,2020.06,2781.015,,F,Dollars,6,Business Data Collection - BDC,Industry by financial variable (NZSIOC Level 2),Sales (operating income),"Transport Equipment, Machinery and Equipment Manufacturing",Current prices,Unadjusted,
BDCQ.SF1CC8CA,2020.09,3319.364,,F,Dollars,6,Business Data Collection - BDC,Industry by financial variable (NZSIOC Level 2),Sales (operating income),"Transport Equipment, Machinery and Equipment Manufacturing",Current prices,Unadjusted,
BDCQ.SF1CC8CA,2020.12,3484.699,,F,Dollars,6,Business Data Collection - BDC,Industry by financial variable (NZSIOC Level 2),Sales (operating income),"Transport Equipment, Machinery and Equipment Manufacturing",Current prices,Unadjusted,
BDCQ.SF1CC8CA,2021.03,3355.684,,F,Dollars,6,Business Data Collection - BDC,Industry by financial variable (NZSIOC Level 2),Sales (operating income),"Transport Equipment, Machinery and Equipment Manufacturing",Current prices,Unadjusted,
BDCQ.SF1CC8CA,2021.06,3585.208,,F,Dollars,6,Business Data Collection - BDC,Industry by financial variable (NZSIOC Level 2),Sales (operating income),"Transport Equipment, Machinery and Equipment Manufacturing",Current prices,Unadjusted,
BDCQ.SF1CC8CA,2021.09,3461.281,,F,Dollars,6,Business Data Collection - BDC,Industry by financial variable (NZSIOC Level 2),Sales (operating income),"Transport Equipment, Machinery and Equipment Manufacturing",Current prices,Unadjusted,
BDCQ.SF1CC8CS,2016.06,2793.966,,R,Dollars,6,Business Data Collection - BDC,Industry by financial variable (NZSIOC Level 2),Sales (operating income),"Transport Equipment, Machinery and Equipment Manufacturing",Current prices,Seasonally adjusted,
BDCQ.SF1CC8CS,2016.09,2780.416,,R,Dollars,6,Business Data Collection - BDC,Industry by financial variable (NZSIOC Level 2),Sales (operating income),"Transport Equipment, Machinery and Equipment Manufacturing",Current prices,Seasonally adjusted,
BDCQ.SF1CC8CS,2016.12,2787.361,,R,Dollars,6,Business Data Collection - BDC,Industry by financial variable (NZSIOC Level 2),Sales (operating income),"Transport Equipment, Machinery and Equipment Manufacturing",Current prices,Seasonally adjusted,
BDCQ.SF1CC8CS,2017.03,2823.65,,R,Dollars,6,Business Data Collection - BDC,Industry by financial variable (NZSIOC Level 2),Sales (operating income),"Transport Equipment, Machinery and Equipment Manufacturing",Current prices,Seasonally adjusted,
BDCQ.SF1CC8CS,2017.06,2926.352,,R,Dollars,6,Business Data Collection - BDC,Industry by financial variable (NZSIOC Level 2),Sales (operating income),"Transport Equipment, Machinery and Equipment Manufacturing",Current prices,Seasonally adjusted,
BDCQ.SF1CC8CS,2017.09,2998.639,,R,Dollars,6,Business Data Collection - BDC,Industry by financial variable (NZSIOC Level 2),Sales (operating income),"Transport Equipment, Machinery and Equipment Manufacturing",Current prices,Seasonally adjusted,
BDCQ.SF1CC8CS,2017.12,2927.64,,R,Dollars,6,Business Data Collection - BDC,Industry by financial variable (NZSIOC Level 2),Sales (operating income),"Transport Equipment, Machinery and Equipment Manufacturing",Current prices,Seasonally adjusted,
BDCQ.SF1CC8CS,2018.03,3079.799,,R,Dollars,6,Business Data Collection - BDC,Industry by financial variable (NZSIOC Level 2),Sales (operating income),"Transport Equipment, Machinery and Equipment Manufacturing",Current prices,Seasonally adjusted,
BDCQ.SF1CC8CS,2018.06,3221.722,,R,Dollars,6,Business Data Collection - BDC,Industry by financial variable (NZSIOC Level 2),Sales (operating income),"Transport Equipment, Machinery and Equipment Manufacturing",Current prices,Seasonally adjusted,
BDCQ.SF1CC8CS,2018.09,3178.529,,R,Dollars,6,Business Data Collection - BDC,Industry by financial variable (NZSIOC Level 2),Sales (operating income),"Transport Equipment, Machinery and Equipment Manufacturing",Current prices,Seasonally adjusted,
BDCQ.SF1CC8CS,2018.12,3209.388,,R,Dollars,6,Business Data Collection - BDC,Industry by financial variable (NZSIOC Level 2),Sales (operating income),"Transport Equipment, Machinery and Equipment Manufacturing",Current prices,Seasonally adjusted,
BDCQ.SF1CC8CS,2019.03,3190.803,,R,Dollars,6,Business Data Collection - BDC,Industry by financial variable (NZSIOC Level 2),Sales (operating income),"Transport Equipment, Machinery and Equipment Manufacturing",Current prices,Seasonally adjusted,
BDCQ.SF1CC8CS,2019.06,3114.219,,R,Dollars,6,Business Data Collection - BDC,Industry by financial variable (NZSIOC Level 2),Sales (operating income),"Transport Equipment, Machinery and Equipment Manufacturing",Current prices,Seasonally adjusted,
BDCQ.SF1CC8CS,2019.09,3268.76,,R,Dollars,6,Business Data Collection - BDC,Industry by financial variable (NZSIOC Level 2),Sales (operating income),"Transport Equipment, Machinery and Equipment Manufacturing",Current prices,Seasonally adjusted,
BDCQ.SF1CC8CS,2019.12,3389.081,,R,Dollars,6,Business Data Collection - BDC,Industry by financial variable (NZSIOC Level 2),Sales (operating income),"Transport Equipment, Machinery and Equipment Manufacturing",Current prices,Seasonally adjusted,
BDCQ.SF1CC8CS,2020.03,3283.905,,R,Dollars,6,Business Data Collection - BDC,Industry by financial variable (NZSIOC Level 2),Sales (operating income),"Transport Equipment, Machinery and Equipment Manufacturing",Current prices,Seasonally adjusted,
BDCQ.SF1CC8CS,2020.06,2783.494,,R,Dollars,6,Business Data Collection - BDC,Industry by financial variable (NZSIOC Level 2),Sales (operating income),"Transport Equipment, Machinery and Equipment Manufacturing",Current prices,Seasonally adjusted,
BDCQ.SF1CC8CS,2020.09,3170.398,,R,Dollars,6,Business Data Collection - BDC,Industry by financial variable (NZSIOC Level 2),Sales (operating income),"Transport Equipment, Machinery and Equipment Manufacturing",Current prices,Seasonally adjusted,
BDCQ.SF1CC8CS,2020.12,3390.197,,R,Dollars,6,Business Data Collection - BDC,Industry by financial variable (NZSIOC Level 2),Sales (operating income),"Transport Equipment, Machinery and Equipment Manufacturing",Current prices,Seasonally adjusted,
BDCQ.SF1CC8CS,2021.03,3616.816,,R,Dollars,6,Business Data Collection - BDC,Industry by financial variable (NZSIOC Level 2),Sales (operating income),"Transport Equipment, Machinery and Equipment Manufacturing",Current prices,Seasonally adjusted,
BDCQ.SF1CC8CS,2021.06,3594.367,,R,Dollars,6,Business Data Collection - BDC,Industry by financial variable (NZSIOC Level 2),Sales (operating income),"Transport Equipment, Machinery and Equipment Manufacturing",Current prices,Seasonally adjusted,
BDCQ.SF1CC8CS,2021.09,3309.715,,F,Dollars,6,Business Data Collection - BDC,Industry by financial variable (NZSIOC Level 2),Sales (operating income),"Transport Equipment, Machinery and Equipment Manufacturing",Current prices,Seasonally adjusted,
BDCQ.SF1CC8CT,2016.06,2792.516,,R,Dollars,6,Business Data Collection - BDC,Industry by financial variable (NZSIOC Level 2),Sales (operating income),"Transport Equipment, Machinery and Equipment Manufacturing",Current prices,Trend,
BDCQ.SF1CC8CT,2016.09,2782.625,,R,Dollars,6,Business Data Collection - BDC,Industry by financial variable (NZSIOC Level 2),Sales (operating income),"Transport Equipment, Machinery and Equipment Manufacturing",Current prices,Trend,
BDCQ.SF1CC8CT,2016.12,2785.289,,R,Dollars,6,Business Data Collection - BDC,Industry by financial variable (NZSIOC Level 2),Sales (operating income),"Transport Equipment, Machinery and Equipment Manufacturing",Current prices,Trend,
BDCQ.SF1CC8CT,2017.03,2833.482,,R,Dollars,6,Business Data Collection - BDC,Industry by financial variable (NZSIOC Level 2),Sales (operating income),"Transport Equipment, Machinery and Equipment Manufacturing",Current prices,Trend,
BDCQ.SF1CC8CT,2017.06,2923.765,,R,Dollars,6,Business Data Collection - BDC,Industry by financial variable (NZSIOC Level 2),Sales (operating income),"Transport Equipment, Machinery and Equipment Manufacturing",Current prices,Trend,
BDCQ.SF1CC8CT,2017.09,2978.503,,R,Dollars,6,Business Data Collection - BDC,Industry by financial variable (NZSIOC Level 2),Sales (operating income),"Transport Equipment, Machinery and Equipment Manufacturing",Current prices,Trend,
BDCQ.SF1CC8CT,2017.12,3000.368,,R,Dollars,6,Business Data Collection - BDC,Industry by financial variable (NZSIOC Level 2),Sales (operating income),"Transport Equipment, Machinery and Equipment Manufacturing",Current prices,Trend,
BDCQ.SF1CC8CT,2018.03,3090.562,,R,Dollars,6,Business Data Collection - BDC,Industry by financial variable (NZSIOC Level 2),Sales (operating income),"Transport Equipment, Machinery and Equipment Manufacturing",Current prices,Trend,
BDCQ.SF1CC8CT,2018.06,3186.086,,R,Dollars,6,Business Data Collection - BDC,Industry by financial variable (NZSIOC Level 2),Sales (operating income),"Transport Equipment, Machinery and Equipment Manufacturing",Current prices,Trend,
BDCQ.SF1CC8CT,2018.09,3206.626,,R,Dollars,6,Business Data Collection - BDC,Industry by financial variable (NZSIOC Level 2),Sales (operating income),"Transport Equipment, Machinery and Equipment Manufacturing",Current prices,Trend,
BDCQ.SF1CC8CT,2018.12,3200.948,,R,Dollars,6,Business Data Collection - BDC,Industry by financial variable (NZSIOC Level 2),Sales (operating income),"Transport Equipment, Machinery and Equipment Manufacturing",Current prices,Trend,
BDCQ.SF1CC8CT,2019.03,3168.946,,R,Dollars,6,Business Data Collection - BDC,Industry by financial variable (NZSIOC Level 2),Sales (operating income),"Transport Equipment, Machinery and Equipment Manufacturing",Current prices,Trend,
BDCQ.SF1CC8CT,2019.06,3154.932,,R,Dollars,6,Business Data Collection - BDC,Industry by financial variable (NZSIOC Level 2),Sales (operating income),"Transport Equipment, Machinery and Equipment Manufacturing",Current prices,Trend,
BDCQ.SF1CC8CT,2019.09,3263.321,,R,Dollars,6,Business Data Collection - BDC,Industry by financial variable (NZSIOC Level 2),Sales (operating income),"Transport Equipment, Machinery and Equipment Manufacturing",Current prices,Trend,
BDCQ.SF1CC8CT,2019.12,3347.407,,R,Dollars,6,Business Data Collection - BDC,Industry by financial variable (NZSIOC Level 2),Sales (operating income),"Transport Equipment, Machinery and Equipment Manufacturing",Current prices,Trend,
BDCQ.SF1CC8CT,2020.03,3323.643,,R,Dollars,6,Business Data Collection - BDC,Industry by financial variable (NZSIOC Level 2),Sales (operating income),"Transport Equipment, Machinery and Equipment Manufacturing",Current prices,Trend,
BDCQ.SF1CC8CT,2020.06,,Y,C,Dollars,6,Business Data Collection - BDC,Industry by financial variable (NZSIOC Level 2),Sales (operating income),"Transport Equipment, Machinery and Equipment Manufacturing",Current prices,Trend,
BDCQ.SF1CC8CT,2020.09,,Y,C,Dollars,6,Business Data Collection - BDC,Industry by financial variable (NZSIOC Level 2),Sales (operating income),"Transport Equipment, Machinery and Equipment Manufacturing",Current prices,Trend,
BDCQ.SF1CC8CT,2020.12,,Y,C,Dollars,6,Business Data Collection - BDC,Industry by financial variable (NZSIOC Level 2),Sales (operating income),"Transport Equipment, Machinery and Equipment Manufacturing",Current prices,Trend,
BDCQ.SF1CC8CT,2021.03,,Y,C,Dollars,6,Business Data Collection - BDC,Industry by financial variable (NZSIOC Level 2),Sales (operating income),"Transport Equipment, Machinery and Equipment Manufacturing",Current prices,Trend,
BDCQ.SF1CC8CT,2021.06,,Y,C,Dollars,6,Business Data Collection - BDC,Industry by financial variable (NZSIOC Level 2),Sales (operating income),"Transport Equipment, Machinery and Equipment Manufacturing",Current prices,Trend,
BDCQ.SF1CC8CT,2021.09,,Y,C,Dollars,6,Business Data Collection - BDC,Industry by financial variable (NZSIOC Level 2),Sales (operating income),"Transport Equipment, Machinery and Equipment Manufacturing",Current prices,Trend,
BDCQ.SF1CC9CA,2016.06,475.38,,F,Dollars,6,Business Data Collection - BDC,Industry by financial variable (NZSIOC Level 2),Sales (operating income),Furniture and Other Manufacturing,Current prices,Unadjusted,
BDCQ.SF1CC9CA,2016.09,510.192,,F,Dollars,6,Business Data Collection - BDC,Industry by financial variable (NZSIOC Level 2),Sales (operating income),Furniture and Other Manufacturing,Current prices,Unadjusted,
BDCQ.SF1CC9CA,2016.12,553.505,,F,Dollars,6,Business Data Collection - BDC,Industry by financial variable (NZSIOC Level 2),Sales (operating income),Furniture and Other Manufacturing,Current prices,Unadjusted,
BDCQ.SF1CC9CA,2017.03,463.208,,F,Dollars,6,Business Data Collection - BDC,Industry by financial variable (NZSIOC Level 2),Sales (operating income),Furniture and Other Manufacturing,Current prices,Unadjusted,
BDCQ.SF1CC9CA,2017.06,456.87,,F,Dollars,6,Business Data Collection - BDC,Industry by financial variable (NZSIOC Level 2),Sales (operating income),Furniture and Other Manufacturing,Current prices,Unadjusted,
BDCQ.SF1CC9CA,2017.09,480.246,,F,Dollars,6,Business Data Collection - BDC,Industry by financial variable (NZSIOC Level 2),Sales (operating income),Furniture and Other Manufacturing,Current prices,Unadjusted,
BDCQ.SF1CC9CA,2017.12,527.893,,F,Dollars,6,Business Data Collection - BDC,Industry by financial variable (NZSIOC Level 2),Sales (operating income),Furniture and Other Manufacturing,Current prices,Unadjusted,
BDCQ.SF1CC9CA,2018.03,465.71,,F,Dollars,6,Business Data Collection - BDC,Industry by financial variable (NZSIOC Level 2),Sales (operating income),Furniture and Other Manufacturing,Current prices,Unadjusted,
BDCQ.SF1CC9CA,2018.06,487.025,,F,Dollars,6,Business Data Collection - BDC,Industry by financial variable (NZSIOC Level 2),Sales (operating income),Furniture and Other Manufacturing,Current prices,Unadjusted,
BDCQ.SF1CC9CA,2018.09,493.295,,F,Dollars,6,Business Data Collection - BDC,Industry by financial variable (NZSIOC Level 2),Sales (operating income),Furniture and Other Manufacturing,Current prices,Unadjusted,
BDCQ.SF1CC9CA,2018.12,573.572,,F,Dollars,6,Business Data Collection - BDC,Industry by financial variable (NZSIOC Level 2),Sales (operating income),Furniture and Other Manufacturing,Current prices,Unadjusted,
BDCQ.SF1CC9CA,2019.03,489.24,,F,Dollars,6,Business Data Collection - BDC,Industry by financial variable (NZSIOC Level 2),Sales (operating income),Furniture and Other Manufacturing,Current prices,Unadjusted,
BDCQ.SF1CC9CA,2019.06,506.529,,F,Dollars,6,Business Data Collection - BDC,Industry by financial variable (NZSIOC Level 2),Sales (operating income),Furniture and Other Manufacturing,Current prices,Unadjusted,
BDCQ.SF1CC9CA,2019.09,574.399,,F,Dollars,6,Business Data Collection - BDC,Industry by financial variable (NZSIOC Level 2),Sales (operating income),Furniture and Other Manufacturing,Current prices,Unadjusted,
BDCQ.SF1CC9CA,2019.12,599.842,,F,Dollars,6,Business Data Collection - BDC,Industry by financial variable (NZSIOC Level 2),Sales (operating income),Furniture and Other Manufacturing,Current prices,Unadjusted,
BDCQ.SF1CC9CA,2020.03,507.358,,F,Dollars,6,Business Data Collection - BDC,Industry by financial variable (NZSIOC Level 2),Sales (operating income),Furniture and Other Manufacturing,Current prices,Unadjusted,
BDCQ.SF1CC9CA,2020.06,422.222,,F,Dollars,6,Business Data Collection - BDC,Industry by financial variable (NZSIOC Level 2),Sales (operating income),Furniture and Other Manufacturing,Current prices,Unadjusted,
BDCQ.SF1CC9CA,2020.09,656.503,,F,Dollars,6,Business Data Collection - BDC,Industry by financial variable (NZSIOC Level 2),Sales (operating income),Furniture and Other Manufacturing,Current prices,Unadjusted,
BDCQ.SF1CC9CA,2020.12,632.455,,F,Dollars,6,Business Data Collection - BDC,Industry by financial variable (NZSIOC Level 2),Sales (operating income),Furniture and Other Manufacturing,Current prices,Unadjusted,
BDCQ.SF1CC9CA,2021.03,567.372,,F,Dollars,6,Business Data Collection - BDC,Industry by financial variable (NZSIOC Level 2),Sales (operating income),Furniture and Other Manufacturing,Current prices,Unadjusted,
BDCQ.SF1CC9CA,2021.06,627.305,,F,Dollars,6,Business Data Collection - BDC,Industry by financial variable (NZSIOC Level 2),Sales (operating income),Furniture and Other Manufacturing,Current prices,Unadjusted,
BDCQ.SF1CC9CA,2021.09,586.311,,F,Dollars,6,Business Data Collection - BDC,Industry by financial variable (NZSIOC Level 2),Sales (operating income),Furniture and Other Manufacturing,Current prices,Unadjusted,
BDCQ.SF1CC9CS,2016.06,494.123,,R,Dollars,6,Business Data Collection - BDC,Industry by financial variable (NZSIOC Level 2),Sales (operating income),Furniture and Other Manufacturing,Current prices,Seasonally adjusted,
BDCQ.SF1CC9CS,2016.09,503.013,,R,Dollars,6,Business Data Collection - BDC,Industry by financial variable (NZSIOC Level 2),Sales (operating income),Furniture and Other Manufacturing,Current prices,Seasonally adjusted,
BDCQ.SF1CC9CS,2016.12,506.717,,R,Dollars,6,Business Data Collection - BDC,Industry by financial variable (NZSIOC Level 2),Sales (operating income),Furniture and Other Manufacturing,Current prices,Seasonally adjusted,
BDCQ.SF1CC9CS,2017.03,497.698,,R,Dollars,6,Business Data Collection - BDC,Industry by financial variable (NZSIOC Level 2),Sales (operating income),Furniture and Other Manufacturing,Current prices,Seasonally adjusted,
BDCQ.SF1CC9CS,2017.06,475.266,,R,Dollars,6,Business Data Collection - BDC,Industry by financial variable (NZSIOC Level 2),Sales (operating income),Furniture and Other Manufacturing,Current prices,Seasonally adjusted,
BDCQ.SF1CC9CS,2017.09,472.438,,R,Dollars,6,Business Data Collection - BDC,Industry by financial variable (NZSIOC Level 2),Sales (operating income),Furniture and Other Manufacturing,Current prices,Seasonally adjusted,
BDCQ.SF1CC9CS,2017.12,483.21,,R,Dollars,6,Business Data Collection - BDC,Industry by financial variable (NZSIOC Level 2),Sales (operating income),Furniture and Other Manufacturing,Current prices,Seasonally adjusted,
BDCQ.SF1CC9CS,2018.03,501.483,,R,Dollars,6,Business Data Collection - BDC,Industry by financial variable (NZSIOC Level 2),Sales (operating income),Furniture and Other Manufacturing,Current prices,Seasonally adjusted,
BDCQ.SF1CC9CS,2018.06,506.548,,R,Dollars,6,Business Data Collection - BDC,Industry by financial variable (NZSIOC Level 2),Sales (operating income),Furniture and Other Manufacturing,Current prices,Seasonally adjusted,
BDCQ.SF1CC9CS,2018.09,483.83,,R,Dollars,6,Business Data Collection - BDC,Industry by financial variable (NZSIOC Level 2),Sales (operating income),Furniture and Other Manufacturing,Current prices,Seasonally adjusted,
BDCQ.SF1CC9CS,2018.12,526.054,,R,Dollars,6,Business Data Collection - BDC,Industry by financial variable (NZSIOC Level 2),Sales (operating income),Furniture and Other Manufacturing,Current prices,Seasonally adjusted,
BDCQ.SF1CC9CS,2019.03,528.195,,R,Dollars,6,Business Data Collection - BDC,Industry by financial variable (NZSIOC Level 2),Sales (operating income),Furniture and Other Manufacturing,Current prices,Seasonally adjusted,
BDCQ.SF1CC9CS,2019.06,525.103,,R,Dollars,6,Business Data Collection - BDC,Industry by financial variable (NZSIOC Level 2),Sales (operating income),Furniture and Other Manufacturing,Current prices,Seasonally adjusted,
BDCQ.SF1CC9CS,2019.09,562.629,,R,Dollars,6,Business Data Collection - BDC,Industry by financial variable (NZSIOC Level 2),Sales (operating income),Furniture and Other Manufacturing,Current prices,Seasonally adjusted,
BDCQ.SF1CC9CS,2019.12,551.49,,R,Dollars,6,Business Data Collection - BDC,Industry by financial variable (NZSIOC Level 2),Sales (operating income),Furniture and Other Manufacturing,Current prices,Seasonally adjusted,
BDCQ.SF1CC9CS,2020.03,548.652,,R,Dollars,6,Business Data Collection - BDC,Industry by financial variable (NZSIOC Level 2),Sales (operating income),Furniture and Other Manufacturing,Current prices,Seasonally adjusted,
BDCQ.SF1CC9CS,2020.06,436.623,,R,Dollars,6,Business Data Collection - BDC,Industry by financial variable (NZSIOC Level 2),Sales (operating income),Furniture and Other Manufacturing,Current prices,Seasonally adjusted,
BDCQ.SF1CC9CS,2020.09,641.775,,R,Dollars,6,Business Data Collection - BDC,Industry by financial variable (NZSIOC Level 2),Sales (operating income),Furniture and Other Manufacturing,Current prices,Seasonally adjusted,
BDCQ.SF1CC9CS,2020.12,582.899,,R,Dollars,6,Business Data Collection - BDC,Industry by financial variable (NZSIOC Level 2),Sales (operating income),Furniture and Other Manufacturing,Current prices,Seasonally adjusted,
BDCQ.SF1CC9CS,2021.03,614.897,,R,Dollars,6,Business Data Collection - BDC,Industry by financial variable (NZSIOC Level 2),Sales (operating income),Furniture and Other Manufacturing,Current prices,Seasonally adjusted,
BDCQ.SF1CC9CS,2021.06,646.658,,R,Dollars,6,Business Data Collection - BDC,Industry by financial variable (NZSIOC Level 2),Sales (operating income),Furniture and Other Manufacturing,Current prices,Seasonally adjusted,
BDCQ.SF1CC9CS,2021.09,572.664,,F,Dollars,6,Business Data Collection - BDC,Industry by financial variable (NZSIOC Level 2),Sales (operating income),Furniture and Other Manufacturing,Current prices,Seasonally adjusted,
BDCQ.SF1CC9CT,2016.06,488.283,,R,Dollars,6,Business Data Collection - BDC,Industry by financial variable (NZSIOC Level 2),Sales (operating income),Furniture and Other Manufacturing,Current prices,Trend,
BDCQ.SF1CC9CT,2016.09,505.037,,R,Dollars,6,Business Data Collection - BDC,Industry by financial variable (NZSIOC Level 2),Sales (operating income),Furniture and Other Manufacturing,Current prices,Trend,
BDCQ.SF1CC9CT,2016.12,506.215,,R,Dollars,6,Business Data Collection - BDC,Industry by financial variable (NZSIOC Level 2),Sales (operating income),Furniture and Other Manufacturing,Current prices,Trend,
BDCQ.SF1CC9CT,2017.03,495.223,,R,Dollars,6,Business Data Collection - BDC,Industry by financial variable (NZSIOC Level 2),Sales (operating income),Furniture and Other Manufacturing,Current prices,Trend,
BDCQ.SF1CC9CT,2017.06,478.131,,R,Dollars,6,Business Data Collection - BDC,Industry by financial variable (NZSIOC Level 2),Sales (operating income),Furniture and Other Manufacturing,Current prices,Trend,
BDCQ.SF1CC9CT,2017.09,472.445,,R,Dollars,6,Business Data Collection - BDC,Industry by financial variable (NZSIOC Level 2),Sales (operating income),Furniture and Other Manufacturing,Current prices,Trend,
BDCQ.SF1CC9CT,2017.12,484.283,,R,Dollars,6,Business Data Collection - BDC,Industry by financial variable (NZSIOC Level 2),Sales (operating income),Furniture and Other Manufacturing,Current prices,Trend,
BDCQ.SF1CC9CT,2018.03,499.439,,R,Dollars,6,Business Data Collection - BDC,Industry by financial variable (NZSIOC Level 2),Sales (operating income),Furniture and Other Manufacturing,Current prices,Trend,
BDCQ.SF1CC9CT,2018.06,505.045,,R,Dollars,6,Business Data Collection - BDC,Industry by financial variable (NZSIOC Level 2),Sales (operating income),Furniture and Other Manufacturing,Current prices,Trend,
BDCQ.SF1CC9CT,2018.09,510.495,,R,Dollars,6,Business Data Collection - BDC,Industry by financial variable (NZSIOC Level 2),Sales (operating income),Furniture and Other Manufacturing,Current prices,Trend,
BDCQ.SF1CC9CT,2018.12,521.933,,R,Dollars,6,Business Data Collection - BDC,Industry by financial variable (NZSIOC Level 2),Sales (operating income),Furniture and Other Manufacturing,Current prices,Trend,
BDCQ.SF1CC9CT,2019.03,526.971,,R,Dollars,6,Business Data Collection - BDC,Industry by financial variable (NZSIOC Level 2),Sales (operating income),Furniture and Other Manufacturing,Current prices,Trend,
BDCQ.SF1CC9CT,2019.06,535.659,,R,Dollars,6,Business Data Collection - BDC,Industry by financial variable (NZSIOC Level 2),Sales (operating income),Furniture and Other Manufacturing,Current prices,Trend,
BDCQ.SF1CC9CT,2019.09,550.718,,R,Dollars,6,Business Data Collection - BDC,Industry by financial variable (NZSIOC Level 2),Sales (operating income),Furniture and Other Manufacturing,Current prices,Trend,
BDCQ.SF1CC9CT,2019.12,553.524,,R,Dollars,6,Business Data Collection - BDC,Industry by financial variable (NZSIOC Level 2),Sales (operating income),Furniture and Other Manufacturing,Current prices,Trend,
BDCQ.SF1CC9CT,2020.03,551.772,,R,Dollars,6,Business Data Collection - BDC,Industry by financial variable (NZSIOC Level 2),Sales (operating income),Furniture and Other Manufacturing,Current prices,Trend,
BDCQ.SF1CC9CT,2020.06,,Y,C,Dollars,6,Business Data Collection - BDC,Industry by financial variable (NZSIOC Level 2),Sales (operating income),Furniture and Other Manufacturing,Current prices,Trend,
BDCQ.SF1CC9CT,2020.09,,Y,C,Dollars,6,Business Data Collection - BDC,Industry by financial variable (NZSIOC Level 2),Sales (operating income),Furniture and Other Manufacturing,Current prices,Trend,
BDCQ.SF1CC9CT,2020.12,,Y,C,Dollars,6,Business Data Collection - BDC,Industry by financial variable (NZSIOC Level 2),Sales (operating income),Furniture and Other Manufacturing,Current prices,Trend,
BDCQ.SF1CC9CT,2021.03,,Y,C,Dollars,6,Business Data Collection - BDC,Industry by financial variable (NZSIOC Level 2),Sales (operating income),Furniture and Other Manufacturing,Current prices,Trend,
BDCQ.SF1CC9CT,2021.06,,Y,C,Dollars,6,Business Data Collection - BDC,Industry by financial variable (NZSIOC Level 2),Sales (operating income),Furniture and Other Manufacturing,Current prices,Trend,
BDCQ.SF1CC9CT,2021.09,,Y,C,Dollars,6,Business Data Collection - BDC,Industry by financial variable (NZSIOC Level 2),Sales (operating income),Furniture and Other Manufacturing,Current prices,Trend,
BDCQ.SF1CCCA,2016.06,24193.497,,F,Dollars,6,Business Data Collection - BDC,Industry by financial variable (NZSIOC Level 1),Sales (operating income),Manufacturing,Current,Unadjusted,
BDCQ.SF1CCCA,2016.09,23091.046,,F,Dollars,6,Business Data Collection - BDC,Industry by financial variable (NZSIOC Level 1),Sales (operating income),Manufacturing,Current,Unadjusted,
BDCQ.SF1CCCA,2016.12,26711.908,,F,Dollars,6,Business Data Collection - BDC,Industry by financial variable (NZSIOC Level 1),Sales (operating income),Manufacturing,Current,Unadjusted,
BDCQ.SF1CCCA,2017.03,25530.882,,F,Dollars,6,Business Data Collection - BDC,Industry by financial variable (NZSIOC Level 1),Sales (operating income),Manufacturing,Current,Unadjusted,
BDCQ.SF1CCCA,2017.06,26453.877,,F,Dollars,6,Business Data Collection - BDC,Industry by financial variable (NZSIOC Level 1),Sales (operating income),Manufacturing,Current,Unadjusted,
BDCQ.SF1CCCA,2017.09,25116.09,,F,Dollars,6,Business Data Collection - BDC,Industry by financial variable (NZSIOC Level 1),Sales (operating income),Manufacturing,Current,Unadjusted,
BDCQ.SF1CCCA,2017.12,29414.524,,F,Dollars,6,Business Data Collection - BDC,Industry by financial variable (NZSIOC Level 1),Sales (operating income),Manufacturing,Current,Unadjusted,
BDCQ.SF1CCCA,2018.03,27310.22,,F,Dollars,6,Business Data Collection - BDC,Industry by financial variable (NZSIOC Level 1),Sales (operating income),Manufacturing,Current,Unadjusted,
BDCQ.SF1CCCA,2018.06,28060.813,,F,Dollars,6,Business Data Collection - BDC,Industry by financial variable (NZSIOC Level 1),Sales (operating income),Manufacturing,Current,Unadjusted,
BDCQ.SF1CCCA,2018.09,26813.586,,F,Dollars,6,Business Data Collection - BDC,Industry by financial variable (NZSIOC Level 1),Sales (operating income),Manufacturing,Current,Unadjusted,
BDCQ.SF1CCCA,2018.12,30445.376,,F,Dollars,6,Business Data Collection - BDC,Industry by financial variable (NZSIOC Level 1),Sales (operating income),Manufacturing,Current,Unadjusted,
BDCQ.SF1CCCA,2019.03,28355.678,,F,Dollars,6,Business Data Collection - BDC,Industry by financial variable (NZSIOC Level 1),Sales (operating income),Manufacturing,Current,Unadjusted,
BDCQ.SF1CCCA,2019.06,28425.172,,F,Dollars,6,Business Data Collection - BDC,Industry by financial variable (NZSIOC Level 1),Sales (operating income),Manufacturing,Current,Unadjusted,
BDCQ.SF1CCCA,2019.09,27075.579,,F,Dollars,6,Business Data Collection - BDC,Industry by financial variable (NZSIOC Level 1),Sales (operating income),Manufacturing,Current,Unadjusted,
BDCQ.SF1CCCA,2019.12,31667.45,,F,Dollars,6,Business Data Collection - BDC,Industry by financial variable (NZSIOC Level 1),Sales (operating income),Manufacturing,Current,Unadjusted,
BDCQ.SF1CCCA,2020.03,29140.973,,F,Dollars,6,Business Data Collection - BDC,Industry by financial variable (NZSIOC Level 1),Sales (operating income),Manufacturing,Current,Unadjusted,
BDCQ.SF1CCCA,2020.06,25712.811,,F,Dollars,6,Business Data Collection - BDC,Industry by financial variable (NZSIOC Level 1),Sales (operating income),Manufacturing,Current,Unadjusted,
BDCQ.SF1CCCA,2020.09,26755.684,,F,Dollars,6,Business Data Collection - BDC,Industry by financial variable (NZSIOC Level 1),Sales (operating income),Manufacturing,Current,Unadjusted,
BDCQ.SF1CCCA,2020.12,30556.382,,F,Dollars,6,Business Data Collection - BDC,Industry by financial variable (NZSIOC Level 1),Sales (operating income),Manufacturing,Current,Unadjusted,
BDCQ.SF1CCCA,2021.03,29117.925,,F,Dollars,6,Business Data Collection - BDC,Industry by financial variable (NZSIOC Level 1),Sales (operating income),Manufacturing,Current,Unadjusted,
BDCQ.SF1CCCA,2021.06,30691.798,,F,Dollars,6,Business Data Collection - BDC,Industry by financial variable (NZSIOC Level 1),Sales (operating income),Manufacturing,Current,Unadjusted,
BDCQ.SF1CCCA,2021.09,27765.16,,F,Dollars,6,Business Data Collection - BDC,Industry by financial variable (NZSIOC Level 1),Sales (operating income),Manufacturing,Current,Unadjusted,
BDCQ.SF1CCCS,2016.06,24321.648,,R,Dollars,6,Business Data Collection - BDC,Industry by financial variable (NZSIOC Level 1),Sales (operating income),Manufacturing,Current,Seasonally adjusted,
BDCQ.SF1CCCS,2016.09,24561.603,,R,Dollars,6,Business Data Collection - BDC,Industry by financial variable (NZSIOC Level 1),Sales (operating income),Manufacturing,Current,Seasonally adjusted,
BDCQ.SF1CCCS,2016.12,24931.315,,R,Dollars,6,Business Data Collection - BDC,Industry by financial variable (NZSIOC Level 1),Sales (operating income),Manufacturing,Current,Seasonally adjusted,
BDCQ.SF1CCCS,2017.03,25742.279,,R,Dollars,6,Business Data Collection - BDC,Industry by financial variable (NZSIOC Level 1),Sales (operating income),Manufacturing,Current,Seasonally adjusted,
BDCQ.SF1CCCS,2017.06,26523.995,,R,Dollars,6,Business Data Collection - BDC,Industry by financial variable (NZSIOC Level 1),Sales (operating income),Manufacturing,Current,Seasonally adjusted,
BDCQ.SF1CCCS,2017.09,26742.44,,R,Dollars,6,Business Data Collection - BDC,Industry by financial variable (NZSIOC Level 1),Sales (operating income),Manufacturing,Current,Seasonally adjusted,
BDCQ.SF1CCCS,2017.12,27434.965,,R,Dollars,6,Business Data Collection - BDC,Industry by financial variable (NZSIOC Level 1),Sales (operating income),Manufacturing,Current,Seasonally adjusted,
BDCQ.SF1CCCS,2018.03,27575.083,,R,Dollars,6,Business Data Collection - BDC,Industry by financial variable (NZSIOC Level 1),Sales (operating income),Manufacturing,Current,Seasonally adjusted,
BDCQ.SF1CCCS,2018.06,28075.631,,R,Dollars,6,Business Data Collection - BDC,Industry by financial variable (NZSIOC Level 1),Sales (operating income),Manufacturing,Current,Seasonally adjusted,
BDCQ.SF1CCCS,2018.09,28580.189,,R,Dollars,6,Business Data Collection - BDC,Industry by financial variable (NZSIOC Level 1),Sales (operating income),Manufacturing,Current,Seasonally adjusted,
BDCQ.SF1CCCS,2018.12,28440.841,,R,Dollars,6,Business Data Collection - BDC,Industry by financial variable (NZSIOC Level 1),Sales (operating income),Manufacturing,Current,Seasonally adjusted,
BDCQ.SF1CCCS,2019.03,28598.711,,R,Dollars,6,Business Data Collection - BDC,Industry by financial variable (NZSIOC Level 1),Sales (operating income),Manufacturing,Current,Seasonally adjusted,
BDCQ.SF1CCCS,2019.06,28379.338,,R,Dollars,6,Business Data Collection - BDC,Industry by financial variable (NZSIOC Level 1),Sales (operating income),Manufacturing,Current,Seasonally adjusted,
BDCQ.SF1CCCS,2019.09,28907.594,,R,Dollars,6,Business Data Collection - BDC,Industry by financial variable (NZSIOC Level 1),Sales (operating income),Manufacturing,Current,Seasonally adjusted,
BDCQ.SF1CCCS,2019.12,29629.966,,R,Dollars,6,Business Data Collection - BDC,Industry by financial variable (NZSIOC Level 1),Sales (operating income),Manufacturing,Current,Seasonally adjusted,
BDCQ.SF1CCCS,2020.03,29389.219,,R,Dollars,6,Business Data Collection - BDC,Industry by financial variable (NZSIOC Level 1),Sales (operating income),Manufacturing,Current,Seasonally adjusted,
BDCQ.SF1CCCS,2020.06,25572.968,,R,Dollars,6,Business Data Collection - BDC,Industry by financial variable (NZSIOC Level 1),Sales (operating income),Manufacturing,Current,Seasonally adjusted,
BDCQ.SF1CCCS,2020.09,28603.969,,R,Dollars,6,Business Data Collection - BDC,Industry by financial variable (NZSIOC Level 1),Sales (operating income),Manufacturing,Current,Seasonally adjusted,
BDCQ.SF1CCCS,2020.12,28682.048,,R,Dollars,6,Business Data Collection - BDC,Industry by financial variable (NZSIOC Level 1),Sales (operating income),Manufacturing,Current,Seasonally adjusted,
BDCQ.SF1CCCS,2021.03,29341.807,,R,Dollars,6,Business Data Collection - BDC,Industry by financial variable (NZSIOC Level 1),Sales (operating income),Manufacturing,Current,Seasonally adjusted,
BDCQ.SF1CCCS,2021.06,30413.344,,R,Dollars,6,Business Data Collection - BDC,Industry by financial variable (NZSIOC Level 1),Sales (operating income),Manufacturing,Current,Seasonally adjusted,
BDCQ.SF1CCCS,2021.09,29739.435,,F,Dollars,6,Business Data Collection - BDC,Industry by financial variable (NZSIOC Level 1),Sales (operating income),Manufacturing,Current,Seasonally adjusted,
BDCQ.SF1CCCT,2016.06,24294.292,,R,Dollars,6,Business Data Collection - BDC,Industry by financial variable (NZSIOC Level 1),Sales (operating income),Manufacturing,Current,Trend,
BDCQ.SF1CCCT,2016.09,24539.77,,R,Dollars,6,Business Data Collection - BDC,Industry by financial variable (NZSIOC Level 1),Sales (operating income),Manufacturing,Current,Trend,
BDCQ.SF1CCCT,2016.12,24988.735,,R,Dollars,6,Business Data Collection - BDC,Industry by financial variable (NZSIOC Level 1),Sales (operating income),Manufacturing,Current,Trend,
BDCQ.SF1CCCT,2017.03,25746.943,,R,Dollars,6,Business Data Collection - BDC,Industry by financial variable (NZSIOC Level 1),Sales (operating income),Manufacturing,Current,Trend,
BDCQ.SF1CCCT,2017.06,26408.614,,R,Dollars,6,Business Data Collection - BDC,Industry by financial variable (NZSIOC Level 1),Sales (operating income),Manufacturing,Current,Trend,
BDCQ.SF1CCCT,2017.09,26893.981,,R,Dollars,6,Business Data Collection - BDC,Industry by financial variable (NZSIOC Level 1),Sales (operating income),Manufacturing,Current,Trend,
BDCQ.SF1CCCT,2017.12,27292.567,,R,Dollars,6,Business Data Collection - BDC,Industry by financial variable (NZSIOC Level 1),Sales (operating income),Manufacturing,Current,Trend,
BDCQ.SF1CCCT,2018.03,27668.281,,R,Dollars,6,Business Data Collection - BDC,Industry by financial variable (NZSIOC Level 1),Sales (operating income),Manufacturing,Current,Trend,
BDCQ.SF1CCCT,2018.06,28097.035,,R,Dollars,6,Business Data Collection - BDC,Industry by financial variable (NZSIOC Level 1),Sales (operating income),Manufacturing,Current,Trend,
BDCQ.SF1CCCT,2018.09,28463.511,,R,Dollars,6,Business Data Collection - BDC,Industry by financial variable (NZSIOC Level 1),Sales (operating income),Manufacturing,Current,Trend,
BDCQ.SF1CCCT,2018.12,28559.468,,R,Dollars,6,Business Data Collection - BDC,Industry by financial variable (NZSIOC Level 1),Sales (operating income),Manufacturing,Current,Trend,
BDCQ.SF1CCCT,2019.03,28466.592,,R,Dollars,6,Business Data Collection - BDC,Industry by financial variable (NZSIOC Level 1),Sales (operating income),Manufacturing,Current,Trend,
BDCQ.SF1CCCT,2019.06,28502.576,,R,Dollars,6,Business Data Collection - BDC,Industry by financial variable (NZSIOC Level 1),Sales (operating income),Manufacturing,Current,Trend,
BDCQ.SF1CCCT,2019.09,28951.923,,R,Dollars,6,Business Data Collection - BDC,Industry by financial variable (NZSIOC Level 1),Sales (operating income),Manufacturing,Current,Trend,
BDCQ.SF1CCCT,2019.12,29474.557,,R,Dollars,6,Business Data Collection - BDC,Industry by financial variable (NZSIOC Level 1),Sales (operating income),Manufacturing,Current,Trend,
BDCQ.SF1CCCT,2020.03,29468.348,,R,Dollars,6,Business Data Collection - BDC,Industry by financial variable (NZSIOC Level 1),Sales (operating income),Manufacturing,Current,Trend,
BDCQ.SF1CCCT,2020.06,29107.083,,R,Dollars,6,Business Data Collection - BDC,Industry by financial variable (NZSIOC Level 1),Sales (operating income),Manufacturing,Current,Trend,
BDCQ.SF1CCCT,2020.09,28771.151,,R,Dollars,6,Business Data Collection - BDC,Industry by financial variable (NZSIOC Level 1),Sales (operating income),Manufacturing,Current,Trend,
BDCQ.SF1CCCT,2020.12,28788.852,,R,Dollars,6,Business Data Collection - BDC,Industry by financial variable (NZSIOC Level 1),Sales (operating income),Manufacturing,Current,Trend,
BDCQ.SF1CCCT,2021.03,29291.06,,R,Dollars,6,Business Data Collection - BDC,Industry by financial variable (NZSIOC Level 1),Sales (operating income),Manufacturing,Current,Trend,
BDCQ.SF1CCCT,2021.06,29739.067,,R,Dollars,6,Business Data Collection - BDC,Industry by financial variable (NZSIOC Level 1),Sales (operating income),Manufacturing,Current,Trend,
BDCQ.SF1CCCT,2021.09,29732.109,,F,Dollars,6,Business Data Collection - BDC,Industry by financial variable (NZSIOC Level 1),Sales (operating income),Manufacturing,Current,Trend,
BDCQ.SF1DD1CA,2016.06,4293.55,,F,Dollars,6,Business Data Collection - BDC,Industry by financial variable (NZSIOC Level 2),Sales (operating income),"Electricity, Gas, Water and Waste Services",Current prices,Unadjusted,
BDCQ.SF1DD1CA,2016.09,4501.018,,F,Dollars,6,Business Data Collection - BDC,Industry by financial variable (NZSIOC Level 2),Sales (operating income),"Electricity, Gas, Water and Waste Services",Current prices,Unadjusted,
BDCQ.SF1DD1CA,2016.12,4006.961,,F,Dollars,6,Business Data Collection - BDC,Industry by financial variable (NZSIOC Level 2),Sales (operating income),"Electricity, Gas, Water and Waste Services",Current prices,Unadjusted,
BDCQ.SF1DD1CA,2017.03,3959.543,,F,Dollars,6,Business Data Collection - BDC,Industry by financial variable (NZSIOC Level 2),Sales (operating income),"Electricity, Gas, Water and Waste Services",Current prices,Unadjusted,
BDCQ.SF1DD1CA,2017.06,4455.531,,F,Dollars,6,Business Data Collection - BDC,Industry by financial variable (NZSIOC Level 2),Sales (operating income),"Electricity, Gas, Water and Waste Services",Current prices,Unadjusted,
BDCQ.SF1DD1CA,2017.09,5288.065,,F,Dollars,6,Business Data Collection - BDC,Industry by financial variable (NZSIOC Level 2),Sales (operating income),"Electricity, Gas, Water and Waste Services",Current prices,Unadjusted,
BDCQ.SF1DD1CA,2017.12,4495.831,,F,Dollars,6,Business Data Collection - BDC,Industry by financial variable (NZSIOC Level 2),Sales (operating income),"Electricity, Gas, Water and Waste Services",Current prices,Unadjusted,
BDCQ.SF1DD1CA,2018.03,4601.996,,F,Dollars,6,Business Data Collection - BDC,Industry by financial variable (NZSIOC Level 2),Sales (operating income),"Electricity, Gas, Water and Waste Services",Current prices,Unadjusted,
BDCQ.SF1DD1CA,2018.06,4587.347,,F,Dollars,6,Business Data Collection - BDC,Industry by financial variable (NZSIOC Level 2),Sales (operating income),"Electricity, Gas, Water and Waste Services",Current prices,Unadjusted,
BDCQ.SF1DD1CA,2018.09,5165.815,,F,Dollars,6,Business Data Collection - BDC,Industry by financial variable (NZSIOC Level 2),Sales (operating income),"Electricity, Gas, Water and Waste Services",Current prices,Unadjusted,
BDCQ.SF1DD1CA,2018.12,5644.675,,F,Dollars,6,Business Data Collection - BDC,Industry by financial variable (NZSIOC Level 2),Sales (operating income),"Electricity, Gas, Water and Waste Services",Current prices,Unadjusted,
BDCQ.SF1DD1CA,2019.03,4952.943,,F,Dollars,6,Business Data Collection - BDC,Industry by financial variable (NZSIOC Level 2),Sales (operating income),"Electricity, Gas, Water and Waste Services",Current prices,Unadjusted,
BDCQ.SF1DD1CA,2019.06,5296.602,,F,Dollars,6,Business Data Collection - BDC,Industry by financial variable (NZSIOC Level 2),Sales (operating income),"Electricity, Gas, Water and Waste Services",Current prices,Unadjusted,
BDCQ.SF1DD1CA,2019.09,5564.597,,F,Dollars,6,Business Data Collection - BDC,Industry by financial variable (NZSIOC Level 2),Sales (operating income),"Electricity, Gas, Water and Waste Services",Current prices,Unadjusted,
BDCQ.SF1DD1CA,2019.12,4967.912,,F,Dollars,6,Business Data Collection - BDC,Industry by financial variable (NZSIOC Level 2),Sales (operating income),"Electricity, Gas, Water and Waste Services",Current prices,Unadjusted,
BDCQ.SF1DD1CA,2020.03,4626.406,,F,Dollars,6,Business Data Collection - BDC,Industry by financial variable (NZSIOC Level 2),Sales (operating income),"Electricity, Gas, Water and Waste Services",Current prices,Unadjusted,
BDCQ.SF1DD1CA,2020.06,4867.933,,F,Dollars,6,Business Data Collection - BDC,Industry by financial variable (NZSIOC Level 2),Sales (operating income),"Electricity, Gas, Water and Waste Services",Current prices,Unadjusted,
BDCQ.SF1DD1CA,2020.09,5800.676,,F,Dollars,6,Business Data Collection - BDC,Industry by financial variable (NZSIOC Level 2),Sales (operating income),"Electricity, Gas, Water and Waste Services",Current prices,Unadjusted,
BDCQ.SF1DD1CA,2020.12,5089.45,,F,Dollars,6,Business Data Collection - BDC,Industry by financial variable (NZSIOC Level 2),Sales (operating income),"Electricity, Gas, Water and Waste Services",Current prices,Unadjusted,
BDCQ.SF1DD1CA,2021.03,5312.476,,F,Dollars,6,Business Data Collection - BDC,Industry by financial variable (NZSIOC Level 2),Sales (operating income),"Electricity, Gas, Water and Waste Services",Current prices,Unadjusted,
BDCQ.SF1DD1CA,2021.06,6987.304,,F,Dollars,6,Business Data Collection - BDC,Industry by financial variable (NZSIOC Level 2),Sales (operating income),"Electricity, Gas, Water and Waste Services",Current prices,Unadjusted,
BDCQ.SF1DD1CA,2021.09,6403.283,,F,Dollars,6,Business Data Collection - BDC,Industry by financial variable (NZSIOC Level 2),Sales (operating income),"Electricity, Gas, Water and Waste Services",Current prices,Unadjusted,
BDCQ.SF1DD1CS,2016.06,4293.55,,R,Dollars,6,Business Data Collection - BDC,Industry by financial variable (NZSIOC Level 2),Sales (operating income),"Electricity, Gas, Water and Waste Services",Current prices,Seasonally adjusted,
BDCQ.SF1DD1CS,2016.09,4501.018,,R,Dollars,6,Business Data Collection - BDC,Industry by financial variable (NZSIOC Level 2),Sales (operating income),"Electricity, Gas, Water and Waste Services",Current prices,Seasonally adjusted,
BDCQ.SF1DD1CS,2016.12,4006.961,,R,Dollars,6,Business Data Collection - BDC,Industry by financial variable (NZSIOC Level 2),Sales (operating income),"Electricity, Gas, Water and Waste Services",Current prices,Seasonally adjusted,
BDCQ.SF1DD1CS,2017.03,3959.543,,R,Dollars,6,Business Data Collection - BDC,Industry by financial variable (NZSIOC Level 2),Sales (operating income),"Electricity, Gas, Water and Waste Services",Current prices,Seasonally adjusted,
BDCQ.SF1DD1CS,2017.06,4455.531,,R,Dollars,6,Business Data Collection - BDC,Industry by financial variable (NZSIOC Level 2),Sales (operating income),"Electricity, Gas, Water and Waste Services",Current prices,Seasonally adjusted,
BDCQ.SF1DD1CS,2017.09,5288.065,,R,Dollars,6,Business Data Collection - BDC,Industry by financial variable (NZSIOC Level 2),Sales (operating income),"Electricity, Gas, Water and Waste Services",Current prices,Seasonally adjusted,
BDCQ.SF1DD1CS,2017.12,4495.831,,R,Dollars,6,Business Data Collection - BDC,Industry by financial variable (NZSIOC Level 2),Sales (operating income),"Electricity, Gas, Water and Waste Services",Current prices,Seasonally adjusted,
BDCQ.SF1DD1CS,2018.03,4601.996,,R,Dollars,6,Business Data Collection - BDC,Industry by financial variable (NZSIOC Level 2),Sales (operating income),"Electricity, Gas, Water and Waste Services",Current prices,Seasonally adjusted,
BDCQ.SF1DD1CS,2018.06,4587.347,,R,Dollars,6,Business Data Collection - BDC,Industry by financial variable (NZSIOC Level 2),Sales (operating income),"Electricity, Gas, Water and Waste Services",Current prices,Seasonally adjusted,
BDCQ.SF1DD1CS,2018.09,5165.815,,R,Dollars,6,Business Data Collection - BDC,Industry by financial variable (NZSIOC Level 2),Sales (operating income),"Electricity, Gas, Water and Waste Services",Current prices,Seasonally adjusted,
BDCQ.SF1DD1CS,2018.12,5644.675,,R,Dollars,6,Business Data Collection - BDC,Industry by financial variable (NZSIOC Level 2),Sales (operating income),"Electricity, Gas, Water and Waste Services",Current prices,Seasonally adjusted,
BDCQ.SF1DD1CS,2019.03,4952.943,,R,Dollars,6,Business Data Collection - BDC,Industry by financial variable (NZSIOC Level 2),Sales (operating income),"Electricity, Gas, Water and Waste Services",Current prices,Seasonally adjusted,
BDCQ.SF1DD1CS,2019.06,5296.602,,R,Dollars,6,Business Data Collection - BDC,Industry by financial variable (NZSIOC Level 2),Sales (operating income),"Electricity, Gas, Water and Waste Services",Current prices,Seasonally adjusted,
BDCQ.SF1DD1CS,2019.09,5564.597,,R,Dollars,6,Business Data Collection - BDC,Industry by financial variable (NZSIOC Level 2),Sales (operating income),"Electricity, Gas, Water and Waste Services",Current prices,Seasonally adjusted,
BDCQ.SF1DD1CS,2019.12,4967.912,,R,Dollars,6,Business Data Collection - BDC,Industry by financial variable (NZSIOC Level 2),Sales (operating income),"Electricity, Gas, Water and Waste Services",Current prices,Seasonally adjusted,
BDCQ.SF1DD1CS,2020.03,4626.406,,R,Dollars,6,Business Data Collection - BDC,Industry by financial variable (NZSIOC Level 2),Sales (operating income),"Electricity, Gas, Water and Waste Services",Current prices,Seasonally adjusted,
BDCQ.SF1DD1CS,2020.06,4867.933,,R,Dollars,6,Business Data Collection - BDC,Industry by financial variable (NZSIOC Level 2),Sales (operating income),"Electricity, Gas, Water and Waste Services",Current prices,Seasonally adjusted,
BDCQ.SF1DD1CS,2020.09,5800.676,,R,Dollars,6,Business Data Collection - BDC,Industry by financial variable (NZSIOC Level 2),Sales (operating income),"Electricity, Gas, Water and Waste Services",Current prices,Seasonally adjusted,
BDCQ.SF1DD1CS,2020.12,5089.45,,R,Dollars,6,Business Data Collection - BDC,Industry by financial variable (NZSIOC Level 2),Sales (operating income),"Electricity, Gas, Water and Waste Services",Current prices,Seasonally adjusted,
BDCQ.SF1DD1CS,2021.03,5312.476,,R,Dollars,6,Business Data Collection - BDC,Industry by financial variable (NZSIOC Level 2),Sales (operating income),"Electricity, Gas, Water and Waste Services",Current prices,Seasonally adjusted,
BDCQ.SF1DD1CS,2021.06,6987.304,,R,Dollars,6,Business Data Collection - BDC,Industry by financial variable (NZSIOC Level 2),Sales (operating income),"Electricity, Gas, Water and Waste Services",Current prices,Seasonally adjusted,
BDCQ.SF1DD1CS,2021.09,6403.283,,F,Dollars,6,Business Data Collection - BDC,Industry by financial variable (NZSIOC Level 2),Sales (operating income),"Electricity, Gas, Water and Waste Services",Current prices,Seasonally adjusted,
BDCQ.SF1DD1CT,2016.06,4433.347,,R,Dollars,6,Business Data Collection - BDC,Industry by financial variable (NZSIOC Level 2),Sales (operating income),"Electricity, Gas, Water and Waste Services",Current prices,Trend,
BDCQ.SF1DD1CT,2016.09,4330.352,,R,Dollars,6,Business Data Collection - BDC,Industry by financial variable (NZSIOC Level 2),Sales (operating income),"Electricity, Gas, Water and Waste Services",Current prices,Trend,
BDCQ.SF1DD1CT,2016.12,4084.161,,R,Dollars,6,Business Data Collection - BDC,Industry by financial variable (NZSIOC Level 2),Sales (operating income),"Electricity, Gas, Water and Waste Services",Current prices,Trend,
BDCQ.SF1DD1CT,2017.03,3981.837,,R,Dollars,6,Business Data Collection - BDC,Industry by financial variable (NZSIOC Level 2),Sales (operating income),"Electricity, Gas, Water and Waste Services",Current prices,Trend,
BDCQ.SF1DD1CT,2017.06,4584.354,,R,Dollars,6,Business Data Collection - BDC,Industry by financial variable (NZSIOC Level 2),Sales (operating income),"Electricity, Gas, Water and Waste Services",Current prices,Trend,
BDCQ.SF1DD1CT,2017.09,4958.785,,R,Dollars,6,Business Data Collection - BDC,Industry by financial variable (NZSIOC Level 2),Sales (operating income),"Electricity, Gas, Water and Waste Services",Current prices,Trend,
BDCQ.SF1DD1CT,2017.12,4755.936,,R,Dollars,6,Business Data Collection - BDC,Industry by financial variable (NZSIOC Level 2),Sales (operating income),"Electricity, Gas, Water and Waste Services",Current prices,Trend,
BDCQ.SF1DD1CT,2018.03,4474.737,,R,Dollars,6,Business Data Collection - BDC,Industry by financial variable (NZSIOC Level 2),Sales (operating income),"Electricity, Gas, Water and Waste Services",Current prices,Trend,
BDCQ.SF1DD1CT,2018.06,4719.75,,R,Dollars,6,Business Data Collection - BDC,Industry by financial variable (NZSIOC Level 2),Sales (operating income),"Electricity, Gas, Water and Waste Services",Current prices,Trend,
BDCQ.SF1DD1CT,2018.09,5077.122,,R,Dollars,6,Business Data Collection - BDC,Industry by financial variable (NZSIOC Level 2),Sales (operating income),"Electricity, Gas, Water and Waste Services",Current prices,Trend,
BDCQ.SF1DD1CT,2018.12,5182.216,,R,Dollars,6,Business Data Collection - BDC,Industry by financial variable (NZSIOC Level 2),Sales (operating income),"Electricity, Gas, Water and Waste Services",Current prices,Trend,
BDCQ.SF1DD1CT,2019.03,5080.034,,R,Dollars,6,Business Data Collection - BDC,Industry by financial variable (NZSIOC Level 2),Sales (operating income),"Electricity, Gas, Water and Waste Services",Current prices,Trend,
BDCQ.SF1DD1CT,2019.06,5302.072,,R,Dollars,6,Business Data Collection - BDC,Industry by financial variable (NZSIOC Level 2),Sales (operating income),"Electricity, Gas, Water and Waste Services",Current prices,Trend,
BDCQ.SF1DD1CT,2019.09,5424.435,,R,Dollars,6,Business Data Collection - BDC,Industry by financial variable (NZSIOC Level 2),Sales (operating income),"Electricity, Gas, Water and Waste Services",Current prices,Trend,
BDCQ.SF1DD1CT,2019.12,5026.066,,R,Dollars,6,Business Data Collection - BDC,Industry by financial variable (NZSIOC Level 2),Sales (operating income),"Electricity, Gas, Water and Waste Services",Current prices,Trend,
BDCQ.SF1DD1CT,2020.03,4642.536,,R,Dollars,6,Business Data Collection - BDC,Industry by financial variable (NZSIOC Level 2),Sales (operating income),"Electricity, Gas, Water and Waste Services",Current prices,Trend,
BDCQ.SF1DD1CT,2020.06,5047.341,,R,Dollars,6,Business Data Collection - BDC,Industry by financial variable (NZSIOC Level 2),Sales (operating income),"Electricity, Gas, Water and Waste Services",Current prices,Trend,
BDCQ.SF1DD1CT,2020.09,5439.901,,R,Dollars,6,Business Data Collection - BDC,Industry by financial variable (NZSIOC Level 2),Sales (operating income),"Electricity, Gas, Water and Waste Services",Current prices,Trend,
BDCQ.SF1DD1CT,2020.12,5265.785,,R,Dollars,6,Business Data Collection - BDC,Industry by financial variable (NZSIOC Level 2),Sales (operating income),"Electricity, Gas, Water and Waste Services",Current prices,Trend,
BDCQ.SF1DD1CT,2021.03,5522.834,,R,Dollars,6,Business Data Collection - BDC,Industry by financial variable (NZSIOC Level 2),Sales (operating income),"Electricity, Gas, Water and Waste Services",Current prices,Trend,
BDCQ.SF1DD1CT,2021.06,6258.263,,R,Dollars,6,Business Data Collection - BDC,Industry by financial variable (NZSIOC Level 2),Sales (operating income),"Electricity, Gas, Water and Waste Services",Current prices,Trend,
BDCQ.SF1DD1CT,2021.09,6692.801,,F,Dollars,6,Business Data Collection - BDC,Industry by financial variable (NZSIOC Level 2),Sales (operating income),"Electricity, Gas, Water and Waste Services",Current prices,Trend,
BDCQ.SF1DDCA,2016.06,4293.55,,F,Dollars,6,Business Data Collection - BDC,Industry by financial variable (NZSIOC Level 1),Sales (operating income),"Electricity, Gas, Water and Waste Services",Current,Unadjusted,
BDCQ.SF1DDCA,2016.09,4501.018,,F,Dollars,6,Business Data Collection - BDC,Industry by financial variable (NZSIOC Level 1),Sales (operating income),"Electricity, Gas, Water and Waste Services",Current,Unadjusted,
BDCQ.SF1DDCA,2016.12,4006.961,,F,Dollars,6,Business Data Collection - BDC,Industry by financial variable (NZSIOC Level 1),Sales (operating income),"Electricity, Gas, Water and Waste Services",Current,Unadjusted,
BDCQ.SF1DDCA,2017.03,3959.543,,F,Dollars,6,Business Data Collection - BDC,Industry by financial variable (NZSIOC Level 1),Sales (operating income),"Electricity, Gas, Water and Waste Services",Current,Unadjusted,
BDCQ.SF1DDCA,2017.06,4455.531,,F,Dollars,6,Business Data Collection - BDC,Industry by financial variable (NZSIOC Level 1),Sales (operating income),"Electricity, Gas, Water and Waste Services",Current,Unadjusted,
BDCQ.SF1DDCA,2017.09,5288.065,,F,Dollars,6,Business Data Collection - BDC,Industry by financial variable (NZSIOC Level 1),Sales (operating income),"Electricity, Gas, Water and Waste Services",Current,Unadjusted,
BDCQ.SF1DDCA,2017.12,4495.831,,F,Dollars,6,Business Data Collection - BDC,Industry by financial variable (NZSIOC Level 1),Sales (operating income),"Electricity, Gas, Water and Waste Services",Current,Unadjusted,
BDCQ.SF1DDCA,2018.03,4601.996,,F,Dollars,6,Business Data Collection - BDC,Industry by financial variable (NZSIOC Level 1),Sales (operating income),"Electricity, Gas, Water and Waste Services",Current,Unadjusted,
BDCQ.SF1DDCA,2018.06,4587.347,,F,Dollars,6,Business Data Collection - BDC,Industry by financial variable (NZSIOC Level 1),Sales (operating income),"Electricity, Gas, Water and Waste Services",Current,Unadjusted,
BDCQ.SF1DDCA,2018.09,5165.815,,F,Dollars,6,Business Data Collection - BDC,Industry by financial variable (NZSIOC Level 1),Sales (operating income),"Electricity, Gas, Water and Waste Services",Current,Unadjusted,
BDCQ.SF1DDCA,2018.12,5644.675,,F,Dollars,6,Business Data Collection - BDC,Industry by financial variable (NZSIOC Level 1),Sales (operating income),"Electricity, Gas, Water and Waste Services",Current,Unadjusted,
BDCQ.SF1DDCA,2019.03,4952.943,,F,Dollars,6,Business Data Collection - BDC,Industry by financial variable (NZSIOC Level 1),Sales (operating income),"Electricity, Gas, Water and Waste Services",Current,Unadjusted,
BDCQ.SF1DDCA,2019.06,5296.602,,F,Dollars,6,Business Data Collection - BDC,Industry by financial variable (NZSIOC Level 1),Sales (operating income),"Electricity, Gas, Water and Waste Services",Current,Unadjusted,
BDCQ.SF1DDCA,2019.09,5564.597,,F,Dollars,6,Business Data Collection - BDC,Industry by financial variable (NZSIOC Level 1),Sales (operating income),"Electricity, Gas, Water and Waste Services",Current,Unadjusted,
BDCQ.SF1DDCA,2019.12,4967.912,,F,Dollars,6,Business Data Collection - BDC,Industry by financial variable (NZSIOC Level 1),Sales (operating income),"Electricity, Gas, Water and Waste Services",Current,Unadjusted,
BDCQ.SF1DDCA,2020.03,4626.406,,F,Dollars,6,Business Data Collection - BDC,Industry by financial variable (NZSIOC Level 1),Sales (operating income),"Electricity, Gas, Water and Waste Services",Current,Unadjusted,
BDCQ.SF1DDCA,2020.06,4867.933,,F,Dollars,6,Business Data Collection - BDC,Industry by financial variable (NZSIOC Level 1),Sales (operating income),"Electricity, Gas, Water and Waste Services",Current,Unadjusted,
BDCQ.SF1DDCA,2020.09,5800.676,,F,Dollars,6,Business Data Collection - BDC,Industry by financial variable (NZSIOC Level 1),Sales (operating income),"Electricity, Gas, Water and Waste Services",Current,Unadjusted,
BDCQ.SF1DDCA,2020.12,5089.45,,F,Dollars,6,Business Data Collection - BDC,Industry by financial variable (NZSIOC Level 1),Sales (operating income),"Electricity, Gas, Water and Waste Services",Current,Unadjusted,
BDCQ.SF1DDCA,2021.03,5312.476,,F,Dollars,6,Business Data Collection - BDC,Industry by financial variable (NZSIOC Level 1),Sales (operating income),"Electricity, Gas, Water and Waste Services",Current,Unadjusted,
BDCQ.SF1DDCA,2021.06,6987.304,,F,Dollars,6,Business Data Collection - BDC,Industry by financial variable (NZSIOC Level 1),Sales (operating income),"Electricity, Gas, Water and Waste Services",Current,Unadjusted,
BDCQ.SF1DDCA,2021.09,6403.283,,F,Dollars,6,Business Data Collection - BDC,Industry by financial variable (NZSIOC Level 1),Sales (operating income),"Electricity, Gas, Water and Waste Services",Current,Unadjusted,
BDCQ.SF1DDCS,2016.06,4293.55,,R,Dollars,6,Business Data Collection - BDC,Industry by financial variable (NZSIOC Level 1),Sales (operating income),"Electricity, Gas, Water and Waste Services",Current,Seasonally adjusted,
BDCQ.SF1DDCS,2016.09,4501.018,,R,Dollars,6,Business Data Collection - BDC,Industry by financial variable (NZSIOC Level 1),Sales (operating income),"Electricity, Gas, Water and Waste Services",Current,Seasonally adjusted,
BDCQ.SF1DDCS,2016.12,4006.961,,R,Dollars,6,Business Data Collection - BDC,Industry by financial variable (NZSIOC Level 1),Sales (operating income),"Electricity, Gas, Water and Waste Services",Current,Seasonally adjusted,
BDCQ.SF1DDCS,2017.03,3959.543,,R,Dollars,6,Business Data Collection - BDC,Industry by financial variable (NZSIOC Level 1),Sales (operating income),"Electricity, Gas, Water and Waste Services",Current,Seasonally adjusted,
BDCQ.SF1DDCS,2017.06,4455.531,,R,Dollars,6,Business Data Collection - BDC,Industry by financial variable (NZSIOC Level 1),Sales (operating income),"Electricity, Gas, Water and Waste Services",Current,Seasonally adjusted,
BDCQ.SF1DDCS,2017.09,5288.065,,R,Dollars,6,Business Data Collection - BDC,Industry by financial variable (NZSIOC Level 1),Sales (operating income),"Electricity, Gas, Water and Waste Services",Current,Seasonally adjusted,
BDCQ.SF1DDCS,2017.12,4495.831,,R,Dollars,6,Business Data Collection - BDC,Industry by financial variable (NZSIOC Level 1),Sales (operating income),"Electricity, Gas, Water and Waste Services",Current,Seasonally adjusted,
BDCQ.SF1DDCS,2018.03,4601.996,,R,Dollars,6,Business Data Collection - BDC,Industry by financial variable (NZSIOC Level 1),Sales (operating income),"Electricity, Gas, Water and Waste Services",Current,Seasonally adjusted,
BDCQ.SF1DDCS,2018.06,4587.347,,R,Dollars,6,Business Data Collection - BDC,Industry by financial variable (NZSIOC Level 1),Sales (operating income),"Electricity, Gas, Water and Waste Services",Current,Seasonally adjusted,
BDCQ.SF1DDCS,2018.09,5165.815,,R,Dollars,6,Business Data Collection - BDC,Industry by financial variable (NZSIOC Level 1),Sales (operating income),"Electricity, Gas, Water and Waste Services",Current,Seasonally adjusted,
BDCQ.SF1DDCS,2018.12,5644.675,,R,Dollars,6,Business Data Collection - BDC,Industry by financial variable (NZSIOC Level 1),Sales (operating income),"Electricity, Gas, Water and Waste Services",Current,Seasonally adjusted,
BDCQ.SF1DDCS,2019.03,4952.943,,R,Dollars,6,Business Data Collection - BDC,Industry by financial variable (NZSIOC Level 1),Sales (operating income),"Electricity, Gas, Water and Waste Services",Current,Seasonally adjusted,
BDCQ.SF1DDCS,2019.06,5296.602,,R,Dollars,6,Business Data Collection - BDC,Industry by financial variable (NZSIOC Level 1),Sales (operating income),"Electricity, Gas, Water and Waste Services",Current,Seasonally adjusted,
BDCQ.SF1DDCS,2019.09,5564.597,,R,Dollars,6,Business Data Collection - BDC,Industry by financial variable (NZSIOC Level 1),Sales (operating income),"Electricity, Gas, Water and Waste Services",Current,Seasonally adjusted,
BDCQ.SF1DDCS,2019.12,4967.912,,R,Dollars,6,Business Data Collection - BDC,Industry by financial variable (NZSIOC Level 1),Sales (operating income),"Electricity, Gas, Water and Waste Services",Current,Seasonally adjusted,
BDCQ.SF1DDCS,2020.03,4626.406,,R,Dollars,6,Business Data Collection - BDC,Industry by financial variable (NZSIOC Level 1),Sales (operating income),"Electricity, Gas, Water and Waste Services",Current,Seasonally adjusted,
BDCQ.SF1DDCS,2020.06,4867.933,,R,Dollars,6,Business Data Collection - BDC,Industry by financial variable (NZSIOC Level 1),Sales (operating income),"Electricity, Gas, Water and Waste Services",Current,Seasonally adjusted,
BDCQ.SF1DDCS,2020.09,5800.676,,R,Dollars,6,Business Data Collection - BDC,Industry by financial variable (NZSIOC Level 1),Sales (operating income),"Electricity, Gas, Water and Waste Services",Current,Seasonally adjusted,
BDCQ.SF1DDCS,2020.12,5089.45,,R,Dollars,6,Business Data Collection - BDC,Industry by financial variable (NZSIOC Level 1),Sales (operating income),"Electricity, Gas, Water and Waste Services",Current,Seasonally adjusted,
BDCQ.SF1DDCS,2021.03,5312.476,,R,Dollars,6,Business Data Collection - BDC,Industry by financial variable (NZSIOC Level 1),Sales (operating income),"Electricity, Gas, Water and Waste Services",Current,Seasonally adjusted,
BDCQ.SF1DDCS,2021.06,6987.304,,R,Dollars,6,Business Data Collection - BDC,Industry by financial variable (NZSIOC Level 1),Sales (operating income),"Electricity, Gas, Water and Waste Services",Current,Seasonally adjusted,
BDCQ.SF1DDCS,2021.09,6403.283,,F,Dollars,6,Business Data Collection - BDC,Industry by financial variable (NZSIOC Level 1),Sales (operating income),"Electricity, Gas, Water and Waste Services",Current,Seasonally adjusted,
BDCQ.SF1DDCT,2016.06,4433.347,,R,Dollars,6,Business Data Collection - BDC,Industry by financial variable (NZSIOC Level 1),Sales (operating income),"Electricity, Gas, Water and Waste Services",Current,Trend,
BDCQ.SF1DDCT,2016.09,4330.352,,R,Dollars,6,Business Data Collection - BDC,Industry by financial variable (NZSIOC Level 1),Sales (operating income),"Electricity, Gas, Water and Waste Services",Current,Trend,
BDCQ.SF1DDCT,2016.12,4084.161,,R,Dollars,6,Business Data Collection - BDC,Industry by financial variable (NZSIOC Level 1),Sales (operating income),"Electricity, Gas, Water and Waste Services",Current,Trend,
BDCQ.SF1DDCT,2017.03,3981.837,,R,Dollars,6,Business Data Collection - BDC,Industry by financial variable (NZSIOC Level 1),Sales (operating income),"Electricity, Gas, Water and Waste Services",Current,Trend,
BDCQ.SF1DDCT,2017.06,4584.354,,R,Dollars,6,Business Data Collection - BDC,Industry by financial variable (NZSIOC Level 1),Sales (operating income),"Electricity, Gas, Water and Waste Services",Current,Trend,
BDCQ.SF1DDCT,2017.09,4958.785,,R,Dollars,6,Business Data Collection - BDC,Industry by financial variable (NZSIOC Level 1),Sales (operating income),"Electricity, Gas, Water and Waste Services",Current,Trend,
BDCQ.SF1DDCT,2017.12,4755.936,,R,Dollars,6,Business Data Collection - BDC,Industry by financial variable (NZSIOC Level 1),Sales (operating income),"Electricity, Gas, Water and Waste Services",Current,Trend,
BDCQ.SF1DDCT,2018.03,4474.737,,R,Dollars,6,Business Data Collection - BDC,Industry by financial variable (NZSIOC Level 1),Sales (operating income),"Electricity, Gas, Water and Waste Services",Current,Trend,
BDCQ.SF1DDCT,2018.06,4719.75,,R,Dollars,6,Business Data Collection - BDC,Industry by financial variable (NZSIOC Level 1),Sales (operating income),"Electricity, Gas, Water and Waste Services",Current,Trend,
BDCQ.SF1DDCT,2018.09,5077.122,,R,Dollars,6,Business Data Collection - BDC,Industry by financial variable (NZSIOC Level 1),Sales (operating income),"Electricity, Gas, Water and Waste Services",Current,Trend,
BDCQ.SF1DDCT,2018.12,5182.216,,R,Dollars,6,Business Data Collection - BDC,Industry by financial variable (NZSIOC Level 1),Sales (operating income),"Electricity, Gas, Water and Waste Services",Current,Trend,
BDCQ.SF1DDCT,2019.03,5080.034,,R,Dollars,6,Business Data Collection - BDC,Industry by financial variable (NZSIOC Level 1),Sales (operating income),"Electricity, Gas, Water and Waste Services",Current,Trend,
BDCQ.SF1DDCT,2019.06,5302.072,,R,Dollars,6,Business Data Collection - BDC,Industry by financial variable (NZSIOC Level 1),Sales (operating income),"Electricity, Gas, Water and Waste Services",Current,Trend,
BDCQ.SF1DDCT,2019.09,5424.435,,R,Dollars,6,Business Data Collection - BDC,Industry by financial variable (NZSIOC Level 1),Sales (operating income),"Electricity, Gas, Water and Waste Services",Current,Trend,
BDCQ.SF1DDCT,2019.12,5026.066,,R,Dollars,6,Business Data Collection - BDC,Industry by financial variable (NZSIOC Level 1),Sales (operating income),"Electricity, Gas, Water and Waste Services",Current,Trend,
BDCQ.SF1DDCT,2020.03,4642.536,,R,Dollars,6,Business Data Collection - BDC,Industry by financial variable (NZSIOC Level 1),Sales (operating income),"Electricity, Gas, Water and Waste Services",Current,Trend,
BDCQ.SF1DDCT,2020.06,5047.341,,R,Dollars,6,Business Data Collection - BDC,Industry by financial variable (NZSIOC Level 1),Sales (operating income),"Electricity, Gas, Water and Waste Services",Current,Trend,
BDCQ.SF1DDCT,2020.09,5439.901,,R,Dollars,6,Business Data Collection - BDC,Industry by financial variable (NZSIOC Level 1),Sales (operating income),"Electricity, Gas, Water and Waste Services",Current,Trend,
BDCQ.SF1DDCT,2020.12,5265.785,,R,Dollars,6,Business Data Collection - BDC,Industry by financial variable (NZSIOC Level 1),Sales (operating income),"Electricity, Gas, Water and Waste Services",Current,Trend,
BDCQ.SF1DDCT,2021.03,5522.834,,R,Dollars,6,Business Data Collection - BDC,Industry by financial variable (NZSIOC Level 1),Sales (operating income),"Electricity, Gas, Water and Waste Services",Current,Trend,
BDCQ.SF1DDCT,2021.06,6258.263,,R,Dollars,6,Business Data Collection - BDC,Industry by financial variable (NZSIOC Level 1),Sales (operating income),"Electricity, Gas, Water and Waste Services",Current,Trend,
BDCQ.SF1DDCT,2021.09,6692.801,,F,Dollars,6,Business Data Collection - BDC,Industry by financial variable (NZSIOC Level 1),Sales (operating income),"Electricity, Gas, Water and Waste Services",Current,Trend,
BDCQ.SF1EE1CA,2016.06,13386.067,,F,Dollars,6,Business Data Collection - BDC,Industry by financial variable (NZSIOC Level 2),Sales (operating income),Construction,Current prices,Unadjusted,
BDCQ.SF1EE1CA,2016.09,13419.541,,F,Dollars,6,Business Data Collection - BDC,Industry by financial variable (NZSIOC Level 2),Sales (operating income),Construction,Current prices,Unadjusted,
BDCQ.SF1EE1CA,2016.12,14477.984,,F,Dollars,6,Business Data Collection - BDC,Industry by financial variable (NZSIOC Level 2),Sales (operating income),Construction,Current prices,Unadjusted,
BDCQ.SF1EE1CA,2017.03,13367.602,,F,Dollars,6,Business Data Collection - BDC,Industry by financial variable (NZSIOC Level 2),Sales (operating income),Construction,Current prices,Unadjusted,
BDCQ.SF1EE1CA,2017.06,15121.242,,F,Dollars,6,Business Data Collection - BDC,Industry by financial variable (NZSIOC Level 2),Sales (operating income),Construction,Current prices,Unadjusted,
BDCQ.SF1EE1CA,2017.09,14890.877,,F,Dollars,6,Business Data Collection - BDC,Industry by financial variable (NZSIOC Level 2),Sales (operating income),Construction,Current prices,Unadjusted,
BDCQ.SF1EE1CA,2017.12,15832.221,,F,Dollars,6,Business Data Collection - BDC,Industry by financial variable (NZSIOC Level 2),Sales (operating income),Construction,Current prices,Unadjusted,
BDCQ.SF1EE1CA,2018.03,14111.011,,F,Dollars,6,Business Data Collection - BDC,Industry by financial variable (NZSIOC Level 2),Sales (operating income),Construction,Current prices,Unadjusted,
BDCQ.SF1EE1CA,2018.06,16480.01,,F,Dollars,6,Business Data Collection - BDC,Industry by financial variable (NZSIOC Level 2),Sales (operating income),Construction,Current prices,Unadjusted,
BDCQ.SF1EE1CA,2018.09,16459.025,,F,Dollars,6,Business Data Collection - BDC,Industry by financial variable (NZSIOC Level 2),Sales (operating income),Construction,Current prices,Unadjusted,
BDCQ.SF1EE1CA,2018.12,16806.615,,F,Dollars,6,Business Data Collection - BDC,Industry by financial variable (NZSIOC Level 2),Sales (operating income),Construction,Current prices,Unadjusted,
BDCQ.SF1EE1CA,2019.03,15357.359,,F,Dollars,6,Business Data Collection - BDC,Industry by financial variable (NZSIOC Level 2),Sales (operating income),Construction,Current prices,Unadjusted,
BDCQ.SF1EE1CA,2019.06,17623.099,,F,Dollars,6,Business Data Collection - BDC,Industry by financial variable (NZSIOC Level 2),Sales (operating income),Construction,Current prices,Unadjusted,
BDCQ.SF1EE1CA,2019.09,17769.074,,F,Dollars,6,Business Data Collection - BDC,Industry by financial variable (NZSIOC Level 2),Sales (operating income),Construction,Current prices,Unadjusted,
BDCQ.SF1EE1CA,2019.12,18744.633,,F,Dollars,6,Business Data Collection - BDC,Industry by financial variable (NZSIOC Level 2),Sales (operating income),Construction,Current prices,Unadjusted,
BDCQ.SF1EE1CA,2020.03,16964.326,,F,Dollars,6,Business Data Collection - BDC,Industry by financial variable (NZSIOC Level 2),Sales (operating income),Construction,Current prices,Unadjusted,
BDCQ.SF1EE1CA,2020.06,13626.094,,F,Dollars,6,Business Data Collection - BDC,Industry by financial variable (NZSIOC Level 2),Sales (operating income),Construction,Current prices,Unadjusted,
BDCQ.SF1EE1CA,2020.09,19341.282,,F,Dollars,6,Business Data Collection - BDC,Industry by financial variable (NZSIOC Level 2),Sales (operating income),Construction,Current prices,Unadjusted,
BDCQ.SF1EE1CA,2020.12,19641.46,,F,Dollars,6,Business Data Collection - BDC,Industry by financial variable (NZSIOC Level 2),Sales (operating income),Construction,Current prices,Unadjusted,
BDCQ.SF1EE1CA,2021.03,18423.251,,F,Dollars,6,Business Data Collection - BDC,Industry by financial variable (NZSIOC Level 2),Sales (operating income),Construction,Current prices,Unadjusted,
BDCQ.SF1EE1CA,2021.06,21039.319,,F,Dollars,6,Business Data Collection - BDC,Industry by financial variable (NZSIOC Level 2),Sales (operating income),Construction,Current prices,Unadjusted,
BDCQ.SF1EE1CA,2021.09,18768.192,,F,Dollars,6,Business Data Collection - BDC,Industry by financial variable (NZSIOC Level 2),Sales (operating income),Construction,Current prices,Unadjusted,
BDCQ.SF1EE1CS,2016.06,12930.305,,R,Dollars,6,Business Data Collection - BDC,Industry by financial variable (NZSIOC Level 2),Sales (operating income),Construction,Current prices,Seasonally adjusted,
BDCQ.SF1EE1CS,2016.09,13277.625,,R,Dollars,6,Business Data Collection - BDC,Industry by financial variable (NZSIOC Level 2),Sales (operating income),Construction,Current prices,Seasonally adjusted,
BDCQ.SF1EE1CS,2016.12,13957.789,,R,Dollars,6,Business Data Collection - BDC,Industry by financial variable (NZSIOC Level 2),Sales (operating income),Construction,Current prices,Seasonally adjusted,
BDCQ.SF1EE1CS,2017.03,14562.696,,R,Dollars,6,Business Data Collection - BDC,Industry by financial variable (NZSIOC Level 2),Sales (operating income),Construction,Current prices,Seasonally adjusted,
BDCQ.SF1EE1CS,2017.06,14628.343,,R,Dollars,6,Business Data Collection - BDC,Industry by financial variable (NZSIOC Level 2),Sales (operating income),Construction,Current prices,Seasonally adjusted,
BDCQ.SF1EE1CS,2017.09,14734.733,,R,Dollars,6,Business Data Collection - BDC,Industry by financial variable (NZSIOC Level 2),Sales (operating income),Construction,Current prices,Seasonally adjusted,
BDCQ.SF1EE1CS,2017.12,15256.599,,R,Dollars,6,Business Data Collection - BDC,Industry by financial variable (NZSIOC Level 2),Sales (operating income),Construction,Current prices,Seasonally adjusted,
BDCQ.SF1EE1CS,2018.03,15357.615,,R,Dollars,6,Business Data Collection - BDC,Industry by financial variable (NZSIOC Level 2),Sales (operating income),Construction,Current prices,Seasonally adjusted,
BDCQ.SF1EE1CS,2018.06,15965.992,,R,Dollars,6,Business Data Collection - BDC,Industry by financial variable (NZSIOC Level 2),Sales (operating income),Construction,Current prices,Seasonally adjusted,
BDCQ.SF1EE1CS,2018.09,16270.29,,R,Dollars,6,Business Data Collection - BDC,Industry by financial variable (NZSIOC Level 2),Sales (operating income),Construction,Current prices,Seasonally adjusted,
BDCQ.SF1EE1CS,2018.12,16206.707,,R,Dollars,6,Business Data Collection - BDC,Industry by financial variable (NZSIOC Level 2),Sales (operating income),Construction,Current prices,Seasonally adjusted,
BDCQ.SF1EE1CS,2019.03,16706.835,,R,Dollars,6,Business Data Collection - BDC,Industry by financial variable (NZSIOC Level 2),Sales (operating income),Construction,Current prices,Seasonally adjusted,
BDCQ.SF1EE1CS,2019.06,17070.79,,R,Dollars,6,Business Data Collection - BDC,Industry by financial variable (NZSIOC Level 2),Sales (operating income),Construction,Current prices,Seasonally adjusted,
BDCQ.SF1EE1CS,2019.09,17564.716,,R,Dollars,6,Business Data Collection - BDC,Industry by financial variable (NZSIOC Level 2),Sales (operating income),Construction,Current prices,Seasonally adjusted,
BDCQ.SF1EE1CS,2019.12,18084.871,,R,Dollars,6,Business Data Collection - BDC,Industry by financial variable (NZSIOC Level 2),Sales (operating income),Construction,Current prices,Seasonally adjusted,
BDCQ.SF1EE1CS,2020.03,18456.154,,R,Dollars,6,Business Data Collection - BDC,Industry by financial variable (NZSIOC Level 2),Sales (operating income),Construction,Current prices,Seasonally adjusted,
BDCQ.SF1EE1CS,2020.06,13189.816,,R,Dollars,6,Business Data Collection - BDC,Industry by financial variable (NZSIOC Level 2),Sales (operating income),Construction,Current prices,Seasonally adjusted,
BDCQ.SF1EE1CS,2020.09,19114.226,,R,Dollars,6,Business Data Collection - BDC,Industry by financial variable (NZSIOC Level 2),Sales (operating income),Construction,Current prices,Seasonally adjusted,
BDCQ.SF1EE1CS,2020.12,18972.278,,R,Dollars,6,Business Data Collection - BDC,Industry by financial variable (NZSIOC Level 2),Sales (operating income),Construction,Current prices,Seasonally adjusted,
BDCQ.SF1EE1CS,2021.03,20035.416,,R,Dollars,6,Business Data Collection - BDC,Industry by financial variable (NZSIOC Level 2),Sales (operating income),Construction,Current prices,Seasonally adjusted,
BDCQ.SF1EE1CS,2021.06,20358.256,,R,Dollars,6,Business Data Collection - BDC,Industry by financial variable (NZSIOC Level 2),Sales (operating income),Construction,Current prices,Seasonally adjusted,
BDCQ.SF1EE1CS,2021.09,18538.236,,F,Dollars,6,Business Data Collection - BDC,Industry by financial variable (NZSIOC Level 2),Sales (operating income),Construction,Current prices,Seasonally adjusted,
BDCQ.SF1EE1CT,2016.06,12856.604,,R,Dollars,6,Business Data Collection - BDC,Industry by financial variable (NZSIOC Level 2),Sales (operating income),Construction,Current prices,Trend,
BDCQ.SF1EE1CT,2016.09,13338.744,,R,Dollars,6,Business Data Collection - BDC,Industry by financial variable (NZSIOC Level 2),Sales (operating income),Construction,Current prices,Trend,
BDCQ.SF1EE1CT,2016.12,13961.894,,R,Dollars,6,Business Data Collection - BDC,Industry by financial variable (NZSIOC Level 2),Sales (operating income),Construction,Current prices,Trend,
BDCQ.SF1EE1CT,2017.03,14486.038,,R,Dollars,6,Business Data Collection - BDC,Industry by financial variable (NZSIOC Level 2),Sales (operating income),Construction,Current prices,Trend,
BDCQ.SF1EE1CT,2017.06,14643.415,,R,Dollars,6,Business Data Collection - BDC,Industry by financial variable (NZSIOC Level 2),Sales (operating income),Construction,Current prices,Trend,
BDCQ.SF1EE1CT,2017.09,14823.657,,R,Dollars,6,Business Data Collection - BDC,Industry by financial variable (NZSIOC Level 2),Sales (operating income),Construction,Current prices,Trend,
BDCQ.SF1EE1CT,2017.12,15127.035,,R,Dollars,6,Business Data Collection - BDC,Industry by financial variable (NZSIOC Level 2),Sales (operating income),Construction,Current prices,Trend,
BDCQ.SF1EE1CT,2018.03,15485.351,,R,Dollars,6,Business Data Collection - BDC,Industry by financial variable (NZSIOC Level 2),Sales (operating income),Construction,Current prices,Trend,
BDCQ.SF1EE1CT,2018.06,15911.095,,R,Dollars,6,Business Data Collection - BDC,Industry by financial variable (NZSIOC Level 2),Sales (operating income),Construction,Current prices,Trend,
BDCQ.SF1EE1CT,2018.09,16197.202,,R,Dollars,6,Business Data Collection - BDC,Industry by financial variable (NZSIOC Level 2),Sales (operating income),Construction,Current prices,Trend,
BDCQ.SF1EE1CT,2018.12,16326.501,,R,Dollars,6,Business Data Collection - BDC,Industry by financial variable (NZSIOC Level 2),Sales (operating income),Construction,Current prices,Trend,
BDCQ.SF1EE1CT,2019.03,16635.903,,R,Dollars,6,Business Data Collection - BDC,Industry by financial variable (NZSIOC Level 2),Sales (operating income),Construction,Current prices,Trend,
BDCQ.SF1EE1CT,2019.06,17097.95,,R,Dollars,6,Business Data Collection - BDC,Industry by financial variable (NZSIOC Level 2),Sales (operating income),Construction,Current prices,Trend,
BDCQ.SF1EE1CT,2019.09,17569.956,,R,Dollars,6,Business Data Collection - BDC,Industry by financial variable (NZSIOC Level 2),Sales (operating income),Construction,Current prices,Trend,
BDCQ.SF1EE1CT,2019.12,18064.913,,R,Dollars,6,Business Data Collection - BDC,Industry by financial variable (NZSIOC Level 2),Sales (operating income),Construction,Current prices,Trend,
BDCQ.SF1EE1CT,2020.03,18457.969,,R,Dollars,6,Business Data Collection - BDC,Industry by financial variable (NZSIOC Level 2),Sales (operating income),Construction,Current prices,Trend,
BDCQ.SF1EE1CT,2020.06,18795.388,,R,Dollars,6,Business Data Collection - BDC,Industry by financial variable (NZSIOC Level 2),Sales (operating income),Construction,Current prices,Trend,
BDCQ.SF1EE1CT,2020.09,19041.421,,R,Dollars,6,Business Data Collection - BDC,Industry by financial variable (NZSIOC Level 2),Sales (operating income),Construction,Current prices,Trend,
BDCQ.SF1EE1CT,2020.12,19406.076,,R,Dollars,6,Business Data Collection - BDC,Industry by financial variable (NZSIOC Level 2),Sales (operating income),Construction,Current prices,Trend,
BDCQ.SF1EE1CT,2021.03,19909.981,,R,Dollars,6,Business Data Collection - BDC,Industry by financial variable (NZSIOC Level 2),Sales (operating income),Construction,Current prices,Trend,
BDCQ.SF1EE1CT,2021.06,20429.395,,R,Dollars,6,Business Data Collection - BDC,Industry by financial variable (NZSIOC Level 2),Sales (operating income),Construction,Current prices,Trend,
BDCQ.SF1EE1CT,2021.09,20872.429,,F,Dollars,6,Business Data Collection - BDC,Industry by financial variable (NZSIOC Level 2),Sales (operating income),Construction,Current prices,Trend,
BDCQ.SF1EECA,2016.06,13386.067,,F,Dollars,6,Business Data Collection - BDC,Industry by financial variable (NZSIOC Level 1),Sales (operating income),Construction,Current,Unadjusted,
BDCQ.SF1EECA,2016.09,13419.541,,F,Dollars,6,Business Data Collection - BDC,Industry by financial variable (NZSIOC Level 1),Sales (operating income),Construction,Current,Unadjusted,
BDCQ.SF1EECA,2016.12,14477.984,,F,Dollars,6,Business Data Collection - BDC,Industry by financial variable (NZSIOC Level 1),Sales (operating income),Construction,Current,Unadjusted,
BDCQ.SF1EECA,2017.03,13367.602,,F,Dollars,6,Business Data Collection - BDC,Industry by financial variable (NZSIOC Level 1),Sales (operating income),Construction,Current,Unadjusted,
BDCQ.SF1EECA,2017.06,15121.242,,F,Dollars,6,Business Data Collection - BDC,Industry by financial variable (NZSIOC Level 1),Sales (operating income),Construction,Current,Unadjusted,
BDCQ.SF1EECA,2017.09,14890.877,,F,Dollars,6,Business Data Collection - BDC,Industry by financial variable (NZSIOC Level 1),Sales (operating income),Construction,Current,Unadjusted,
BDCQ.SF1EECA,2017.12,15832.221,,F,Dollars,6,Business Data Collection - BDC,Industry by financial variable (NZSIOC Level 1),Sales (operating income),Construction,Current,Unadjusted,
BDCQ.SF1EECA,2018.03,14111.011,,F,Dollars,6,Business Data Collection - BDC,Industry by financial variable (NZSIOC Level 1),Sales (operating income),Construction,Current,Unadjusted,
BDCQ.SF1EECA,2018.06,16480.01,,F,Dollars,6,Business Data Collection - BDC,Industry by financial variable (NZSIOC Level 1),Sales (operating income),Construction,Current,Unadjusted,
BDCQ.SF1EECA,2018.09,16459.025,,F,Dollars,6,Business Data Collection - BDC,Industry by financial variable (NZSIOC Level 1),Sales (operating income),Construction,Current,Unadjusted,
BDCQ.SF1EECA,2018.12,16806.615,,F,Dollars,6,Business Data Collection - BDC,Industry by financial variable (NZSIOC Level 1),Sales (operating income),Construction,Current,Unadjusted,
BDCQ.SF1EECA,2019.03,15357.359,,F,Dollars,6,Business Data Collection - BDC,Industry by financial variable (NZSIOC Level 1),Sales (operating income),Construction,Current,Unadjusted,
BDCQ.SF1EECA,2019.06,17623.099,,F,Dollars,6,Business Data Collection - BDC,Industry by financial variable (NZSIOC Level 1),Sales (operating income),Construction,Current,Unadjusted,
BDCQ.SF1EECA,2019.09,17769.074,,F,Dollars,6,Business Data Collection - BDC,Industry by financial variable (NZSIOC Level 1),Sales (operating income),Construction,Current,Unadjusted,
BDCQ.SF1EECA,2019.12,18744.633,,F,Dollars,6,Business Data Collection - BDC,Industry by financial variable (NZSIOC Level 1),Sales (operating income),Construction,Current,Unadjusted,
BDCQ.SF1EECA,2020.03,16964.326,,F,Dollars,6,Business Data Collection - BDC,Industry by financial variable (NZSIOC Level 1),Sales (operating income),Construction,Current,Unadjusted,
BDCQ.SF1EECA,2020.06,13626.094,,F,Dollars,6,Business Data Collection - BDC,Industry by financial variable (NZSIOC Level 1),Sales (operating income),Construction,Current,Unadjusted,
BDCQ.SF1EECA,2020.09,19341.282,,F,Dollars,6,Business Data Collection - BDC,Industry by financial variable (NZSIOC Level 1),Sales (operating income),Construction,Current,Unadjusted,
BDCQ.SF1EECA,2020.12,19641.46,,F,Dollars,6,Business Data Collection - BDC,Industry by financial variable (NZSIOC Level 1),Sales (operating income),Construction,Current,Unadjusted,
BDCQ.SF1EECA,2021.03,18423.251,,F,Dollars,6,Business Data Collection - BDC,Industry by financial variable (NZSIOC Level 1),Sales (operating income),Construction,Current,Unadjusted,
BDCQ.SF1EECA,2021.06,21039.319,,F,Dollars,6,Business Data Collection - BDC,Industry by financial variable (NZSIOC Level 1),Sales (operating income),Construction,Current,Unadjusted,
BDCQ.SF1EECA,2021.09,18768.192,,F,Dollars,6,Business Data Collection - BDC,Industry by financial variable (NZSIOC Level 1),Sales (operating income),Construction,Current,Unadjusted,
BDCQ.SF1EECS,2016.06,12930.305,,R,Dollars,6,Business Data Collection - BDC,Industry by financial variable (NZSIOC Level 1),Sales (operating income),Construction,Current,Seasonally adjusted,
BDCQ.SF1EECS,2016.09,13277.625,,R,Dollars,6,Business Data Collection - BDC,Industry by financial variable (NZSIOC Level 1),Sales (operating income),Construction,Current,Seasonally adjusted,
BDCQ.SF1EECS,2016.12,13957.789,,R,Dollars,6,Business Data Collection - BDC,Industry by financial variable (NZSIOC Level 1),Sales (operating income),Construction,Current,Seasonally adjusted,
BDCQ.SF1EECS,2017.03,14562.696,,R,Dollars,6,Business Data Collection - BDC,Industry by financial variable (NZSIOC Level 1),Sales (operating income),Construction,Current,Seasonally adjusted,
BDCQ.SF1EECS,2017.06,14628.343,,R,Dollars,6,Business Data Collection - BDC,Industry by financial variable (NZSIOC Level 1),Sales (operating income),Construction,Current,Seasonally adjusted,
BDCQ.SF1EECS,2017.09,14734.733,,R,Dollars,6,Business Data Collection - BDC,Industry by financial variable (NZSIOC Level 1),Sales (operating income),Construction,Current,Seasonally adjusted,
BDCQ.SF1EECS,2017.12,15256.599,,R,Dollars,6,Business Data Collection - BDC,Industry by financial variable (NZSIOC Level 1),Sales (operating income),Construction,Current,Seasonally adjusted,
BDCQ.SF1EECS,2018.03,15357.615,,R,Dollars,6,Business Data Collection - BDC,Industry by financial variable (NZSIOC Level 1),Sales (operating income),Construction,Current,Seasonally adjusted,
BDCQ.SF1EECS,2018.06,15965.992,,R,Dollars,6,Business Data Collection - BDC,Industry by financial variable (NZSIOC Level 1),Sales (operating income),Construction,Current,Seasonally adjusted,
BDCQ.SF1EECS,2018.09,16270.29,,R,Dollars,6,Business Data Collection - BDC,Industry by financial variable (NZSIOC Level 1),Sales (operating income),Construction,Current,Seasonally adjusted,
BDCQ.SF1EECS,2018.12,16206.707,,R,Dollars,6,Business Data Collection - BDC,Industry by financial variable (NZSIOC Level 1),Sales (operating income),Construction,Current,Seasonally adjusted,
BDCQ.SF1EECS,2019.03,16706.835,,R,Dollars,6,Business Data Collection - BDC,Industry by financial variable (NZSIOC Level 1),Sales (operating income),Construction,Current,Seasonally adjusted,
BDCQ.SF1EECS,2019.06,17070.79,,R,Dollars,6,Business Data Collection - BDC,Industry by financial variable (NZSIOC Level 1),Sales (operating income),Construction,Current,Seasonally adjusted,
BDCQ.SF1EECS,2019.09,17564.716,,R,Dollars,6,Business Data Collection - BDC,Industry by financial variable (NZSIOC Level 1),Sales (operating income),Construction,Current,Seasonally adjusted,
BDCQ.SF1EECS,2019.12,18084.871,,R,Dollars,6,Business Data Collection - BDC,Industry by financial variable (NZSIOC Level 1),Sales (operating income),Construction,Current,Seasonally adjusted,
BDCQ.SF1EECS,2020.03,18456.154,,R,Dollars,6,Business Data Collection - BDC,Industry by financial variable (NZSIOC Level 1),Sales (operating income),Construction,Current,Seasonally adjusted,
BDCQ.SF1EECS,2020.06,13189.816,,R,Dollars,6,Business Data Collection - BDC,Industry by financial variable (NZSIOC Level 1),Sales (operating income),Construction,Current,Seasonally adjusted,
BDCQ.SF1EECS,2020.09,19114.226,,R,Dollars,6,Business Data Collection - BDC,Industry by financial variable (NZSIOC Level 1),Sales (operating income),Construction,Current,Seasonally adjusted,
BDCQ.SF1EECS,2020.12,18972.278,,R,Dollars,6,Business Data Collection - BDC,Industry by financial variable (NZSIOC Level 1),Sales (operating income),Construction,Current,Seasonally adjusted,
BDCQ.SF1EECS,2021.03,20035.416,,R,Dollars,6,Business Data Collection - BDC,Industry by financial variable (NZSIOC Level 1),Sales (operating income),Construction,Current,Seasonally adjusted,
BDCQ.SF1EECS,2021.06,20358.256,,R,Dollars,6,Business Data Collection - BDC,Industry by financial variable (NZSIOC Level 1),Sales (operating income),Construction,Current,Seasonally adjusted,
BDCQ.SF1EECS,2021.09,18538.236,,F,Dollars,6,Business Data Collection - BDC,Industry by financial variable (NZSIOC Level 1),Sales (operating income),Construction,Current,Seasonally adjusted,
BDCQ.SF1EECT,2016.06,12856.604,,R,Dollars,6,Business Data Collection - BDC,Industry by financial variable (NZSIOC Level 1),Sales (operating income),Construction,Current,Trend,
BDCQ.SF1EECT,2016.09,13338.744,,R,Dollars,6,Business Data Collection - BDC,Industry by financial variable (NZSIOC Level 1),Sales (operating income),Construction,Current,Trend,
BDCQ.SF1EECT,2016.12,13961.894,,R,Dollars,6,Business Data Collection - BDC,Industry by financial variable (NZSIOC Level 1),Sales (operating income),Construction,Current,Trend,
BDCQ.SF1EECT,2017.03,14486.038,,R,Dollars,6,Business Data Collection - BDC,Industry by financial variable (NZSIOC Level 1),Sales (operating income),Construction,Current,Trend,
BDCQ.SF1EECT,2017.06,14643.415,,R,Dollars,6,Business Data Collection - BDC,Industry by financial variable (NZSIOC Level 1),Sales (operating income),Construction,Current,Trend,
BDCQ.SF1EECT,2017.09,14823.657,,R,Dollars,6,Business Data Collection - BDC,Industry by financial variable (NZSIOC Level 1),Sales (operating income),Construction,Current,Trend,
BDCQ.SF1EECT,2017.12,15127.035,,R,Dollars,6,Business Data Collection - BDC,Industry by financial variable (NZSIOC Level 1),Sales (operating income),Construction,Current,Trend,
BDCQ.SF1EECT,2018.03,15485.351,,R,Dollars,6,Business Data Collection - BDC,Industry by financial variable (NZSIOC Level 1),Sales (operating income),Construction,Current,Trend,
BDCQ.SF1EECT,2018.06,15911.095,,R,Dollars,6,Business Data Collection - BDC,Industry by financial variable (NZSIOC Level 1),Sales (operating income),Construction,Current,Trend,
BDCQ.SF1EECT,2018.09,16197.202,,R,Dollars,6,Business Data Collection - BDC,Industry by financial variable (NZSIOC Level 1),Sales (operating income),Construction,Current,Trend,
BDCQ.SF1EECT,2018.12,16326.501,,R,Dollars,6,Business Data Collection - BDC,Industry by financial variable (NZSIOC Level 1),Sales (operating income),Construction,Current,Trend,
BDCQ.SF1EECT,2019.03,16635.903,,R,Dollars,6,Business Data Collection - BDC,Industry by financial variable (NZSIOC Level 1),Sales (operating income),Construction,Current,Trend,
BDCQ.SF1EECT,2019.06,17097.95,,R,Dollars,6,Business Data Collection - BDC,Industry by financial variable (NZSIOC Level 1),Sales (operating income),Construction,Current,Trend,
BDCQ.SF1EECT,2019.09,17569.956,,R,Dollars,6,Business Data Collection - BDC,Industry by financial variable (NZSIOC Level 1),Sales (operating income),Construction,Current,Trend,
BDCQ.SF1EECT,2019.12,18064.913,,R,Dollars,6,Business Data Collection - BDC,Industry by financial variable (NZSIOC Level 1),Sales (operating income),Construction,Current,Trend,
BDCQ.SF1EECT,2020.03,18457.969,,R,Dollars,6,Business Data Collection - BDC,Industry by financial variable (NZSIOC Level 1),Sales (operating income),Construction,Current,Trend,
BDCQ.SF1EECT,2020.06,,Y,C,Dollars,6,Business Data Collection - BDC,Industry by financial variable (NZSIOC Level 1),Sales (operating income),Construction,Current,Trend,
BDCQ.SF1EECT,2020.09,,Y,C,Dollars,6,Business Data Collection - BDC,Industry by financial variable (NZSIOC Level 1),Sales (operating income),Construction,Current,Trend,
BDCQ.SF1EECT,2020.12,,Y,C,Dollars,6,Business Data Collection - BDC,Industry by financial variable (NZSIOC Level 1),Sales (operating income),Construction,Current,Trend,
BDCQ.SF1EECT,2021.03,,Y,C,Dollars,6,Business Data Collection - BDC,Industry by financial variable (NZSIOC Level 1),Sales (operating income),Construction,Current,Trend,
BDCQ.SF1EECT,2021.06,,Y,C,Dollars,6,Business Data Collection - BDC,Industry by financial variable (NZSIOC Level 1),Sales (operating income),Construction,Current,Trend,
BDCQ.SF1EECT,2021.09,,Y,C,Dollars,6,Business Data Collection - BDC,Industry by financial variable (NZSIOC Level 1),Sales (operating income),Construction,Current,Trend,
BDCQ.SF1FF1CA,2016.06,23406.009,,F,Dollars,6,Business Data Collection - BDC,Industry by financial variable (NZSIOC Level 2),Sales (operating income),Wholesale Trade,Current prices,Unadjusted,
BDCQ.SF1FF1CA,2016.09,23994.212,,F,Dollars,6,Business Data Collection - BDC,Industry by financial variable (NZSIOC Level 2),Sales (operating income),Wholesale Trade,Current prices,Unadjusted,
BDCQ.SF1FF1CA,2016.12,25705.259,,F,Dollars,6,Business Data Collection - BDC,Industry by financial variable (NZSIOC Level 2),Sales (operating income),Wholesale Trade,Current prices,Unadjusted,
BDCQ.SF1FF1CA,2017.03,23310.026,,F,Dollars,6,Business Data Collection - BDC,Industry by financial variable (NZSIOC Level 2),Sales (operating income),Wholesale Trade,Current prices,Unadjusted,
BDCQ.SF1FF1CA,2017.06,24840.66,,F,Dollars,6,Business Data Collection - BDC,Industry by financial variable (NZSIOC Level 2),Sales (operating income),Wholesale Trade,Current prices,Unadjusted,
BDCQ.SF1FF1CA,2017.09,25475.251,,F,Dollars,6,Business Data Collection - BDC,Industry by financial variable (NZSIOC Level 2),Sales (operating income),Wholesale Trade,Current prices,Unadjusted,
BDCQ.SF1FF1CA,2017.12,27896.872,,F,Dollars,6,Business Data Collection - BDC,Industry by financial variable (NZSIOC Level 2),Sales (operating income),Wholesale Trade,Current prices,Unadjusted,
BDCQ.SF1FF1CA,2018.03,24728.334,,F,Dollars,6,Business Data Collection - BDC,Industry by financial variable (NZSIOC Level 2),Sales (operating income),Wholesale Trade,Current prices,Unadjusted,
BDCQ.SF1FF1CA,2018.06,26645.783,,F,Dollars,6,Business Data Collection - BDC,Industry by financial variable (NZSIOC Level 2),Sales (operating income),Wholesale Trade,Current prices,Unadjusted,
BDCQ.SF1FF1CA,2018.09,27695.288,,F,Dollars,6,Business Data Collection - BDC,Industry by financial variable (NZSIOC Level 2),Sales (operating income),Wholesale Trade,Current prices,Unadjusted,
BDCQ.SF1FF1CA,2018.12,29271.97,,F,Dollars,6,Business Data Collection - BDC,Industry by financial variable (NZSIOC Level 2),Sales (operating income),Wholesale Trade,Current prices,Unadjusted,
BDCQ.SF1FF1CA,2019.03,26038.196,,F,Dollars,6,Business Data Collection - BDC,Industry by financial variable (NZSIOC Level 2),Sales (operating income),Wholesale Trade,Current prices,Unadjusted,
BDCQ.SF1FF1CA,2019.06,27624.213,,F,Dollars,6,Business Data Collection - BDC,Industry by financial variable (NZSIOC Level 2),Sales (operating income),Wholesale Trade,Current prices,Unadjusted,
BDCQ.SF1FF1CA,2019.09,28200.644,,F,Dollars,6,Business Data Collection - BDC,Industry by financial variable (NZSIOC Level 2),Sales (operating income),Wholesale Trade,Current prices,Unadjusted,
BDCQ.SF1FF1CA,2019.12,29838.982,,F,Dollars,6,Business Data Collection - BDC,Industry by financial variable (NZSIOC Level 2),Sales (operating income),Wholesale Trade,Current prices,Unadjusted,
BDCQ.SF1FF1CA,2020.03,26520.993,,F,Dollars,6,Business Data Collection - BDC,Industry by financial variable (NZSIOC Level 2),Sales (operating income),Wholesale Trade,Current prices,Unadjusted,
BDCQ.SF1FF1CA,2020.06,24951.225,,F,Dollars,6,Business Data Collection - BDC,Industry by financial variable (NZSIOC Level 2),Sales (operating income),Wholesale Trade,Current prices,Unadjusted,
BDCQ.SF1FF1CA,2020.09,29794.725,,F,Dollars,6,Business Data Collection - BDC,Industry by financial variable (NZSIOC Level 2),Sales (operating income),Wholesale Trade,Current prices,Unadjusted,
BDCQ.SF1FF1CA,2020.12,30657.717,,F,Dollars,6,Business Data Collection - BDC,Industry by financial variable (NZSIOC Level 2),Sales (operating income),Wholesale Trade,Current prices,Unadjusted,
BDCQ.SF1FF1CA,2021.03,28146.432,,F,Dollars,6,Business Data Collection - BDC,Industry by financial variable (NZSIOC Level 2),Sales (operating income),Wholesale Trade,Current prices,Unadjusted,
BDCQ.SF1FF1CA,2021.06,30996.44,,F,Dollars,6,Business Data Collection - BDC,Industry by financial variable (NZSIOC Level 2),Sales (operating income),Wholesale Trade,Current prices,Unadjusted,
BDCQ.SF1FF1CA,2021.09,32032.226,,F,Dollars,6,Business Data Collection - BDC,Industry by financial variable (NZSIOC Level 2),Sales (operating income),Wholesale Trade,Current prices,Unadjusted,
BDCQ.SF1FF1CS,2016.06,23656.604,,R,Dollars,6,Business Data Collection - BDC,Industry by financial variable (NZSIOC Level 2),Sales (operating income),Wholesale Trade,Current prices,Seasonally adjusted,
BDCQ.SF1FF1CS,2016.09,23831.29,,R,Dollars,6,Business Data Collection - BDC,Industry by financial variable (NZSIOC Level 2),Sales (operating income),Wholesale Trade,Current prices,Seasonally adjusted,
BDCQ.SF1FF1CS,2016.12,24210.28,,R,Dollars,6,Business Data Collection - BDC,Industry by financial variable (NZSIOC Level 2),Sales (operating income),Wholesale Trade,Current prices,Seasonally adjusted,
BDCQ.SF1FF1CS,2017.03,24785.172,,R,Dollars,6,Business Data Collection - BDC,Industry by financial variable (NZSIOC Level 2),Sales (operating income),Wholesale Trade,Current prices,Seasonally adjusted,
BDCQ.SF1FF1CS,2017.06,25083.411,,R,Dollars,6,Business Data Collection - BDC,Industry by financial variable (NZSIOC Level 2),Sales (operating income),Wholesale Trade,Current prices,Seasonally adjusted,
BDCQ.SF1FF1CS,2017.09,25247.557,,R,Dollars,6,Business Data Collection - BDC,Industry by financial variable (NZSIOC Level 2),Sales (operating income),Wholesale Trade,Current prices,Seasonally adjusted,
BDCQ.SF1FF1CS,2017.12,26302.073,,R,Dollars,6,Business Data Collection - BDC,Industry by financial variable (NZSIOC Level 2),Sales (operating income),Wholesale Trade,Current prices,Seasonally adjusted,
BDCQ.SF1FF1CS,2018.03,26352.473,,R,Dollars,6,Business Data Collection - BDC,Industry by financial variable (NZSIOC Level 2),Sales (operating income),Wholesale Trade,Current prices,Seasonally adjusted,
BDCQ.SF1FF1CS,2018.06,26863.015,,R,Dollars,6,Business Data Collection - BDC,Industry by financial variable (NZSIOC Level 2),Sales (operating income),Wholesale Trade,Current prices,Seasonally adjusted,
BDCQ.SF1FF1CS,2018.09,27404.002,,R,Dollars,6,Business Data Collection - BDC,Industry by financial variable (NZSIOC Level 2),Sales (operating income),Wholesale Trade,Current prices,Seasonally adjusted,
BDCQ.SF1FF1CS,2018.12,27633.239,,R,Dollars,6,Business Data Collection - BDC,Industry by financial variable (NZSIOC Level 2),Sales (operating income),Wholesale Trade,Current prices,Seasonally adjusted,
BDCQ.SF1FF1CS,2019.03,27811.679,,R,Dollars,6,Business Data Collection - BDC,Industry by financial variable (NZSIOC Level 2),Sales (operating income),Wholesale Trade,Current prices,Seasonally adjusted,
BDCQ.SF1FF1CS,2019.06,27783.822,,R,Dollars,6,Business Data Collection - BDC,Industry by financial variable (NZSIOC Level 2),Sales (operating income),Wholesale Trade,Current prices,Seasonally adjusted,
BDCQ.SF1FF1CS,2019.09,27874.169,,R,Dollars,6,Business Data Collection - BDC,Industry by financial variable (NZSIOC Level 2),Sales (operating income),Wholesale Trade,Current prices,Seasonally adjusted,
BDCQ.SF1FF1CS,2019.12,28214.141,,R,Dollars,6,Business Data Collection - BDC,Industry by financial variable (NZSIOC Level 2),Sales (operating income),Wholesale Trade,Current prices,Seasonally adjusted,
BDCQ.SF1FF1CS,2020.03,28363.55,,R,Dollars,6,Business Data Collection - BDC,Industry by financial variable (NZSIOC Level 2),Sales (operating income),Wholesale Trade,Current prices,Seasonally adjusted,
BDCQ.SF1FF1CS,2020.06,25050.518,,R,Dollars,6,Business Data Collection - BDC,Industry by financial variable (NZSIOC Level 2),Sales (operating income),Wholesale Trade,Current prices,Seasonally adjusted,
BDCQ.SF1FF1CS,2020.09,29428.811,,R,Dollars,6,Business Data Collection - BDC,Industry by financial variable (NZSIOC Level 2),Sales (operating income),Wholesale Trade,Current prices,Seasonally adjusted,
BDCQ.SF1FF1CS,2020.12,29023.189,,R,Dollars,6,Business Data Collection - BDC,Industry by financial variable (NZSIOC Level 2),Sales (operating income),Wholesale Trade,Current prices,Seasonally adjusted,
BDCQ.SF1FF1CS,2021.03,30128.963,,R,Dollars,6,Business Data Collection - BDC,Industry by financial variable (NZSIOC Level 2),Sales (operating income),Wholesale Trade,Current prices,Seasonally adjusted,
BDCQ.SF1FF1CS,2021.06,31079.687,,R,Dollars,6,Business Data Collection - BDC,Industry by financial variable (NZSIOC Level 2),Sales (operating income),Wholesale Trade,Current prices,Seasonally adjusted,
BDCQ.SF1FF1CS,2021.09,31625.503,,F,Dollars,6,Business Data Collection - BDC,Industry by financial variable (NZSIOC Level 2),Sales (operating income),Wholesale Trade,Current prices,Seasonally adjusted,
BDCQ.SF1FF1CT,2016.06,23618.549,,R,Dollars,6,Business Data Collection - BDC,Industry by financial variable (NZSIOC Level 2),Sales (operating income),Wholesale Trade,Current prices,Trend,
BDCQ.SF1FF1CT,2016.09,23850.307,,R,Dollars,6,Business Data Collection - BDC,Industry by financial variable (NZSIOC Level 2),Sales (operating income),Wholesale Trade,Current prices,Trend,
BDCQ.SF1FF1CT,2016.12,24244.361,,R,Dollars,6,Business Data Collection - BDC,Industry by financial variable (NZSIOC Level 2),Sales (operating income),Wholesale Trade,Current prices,Trend,
BDCQ.SF1FF1CT,2017.03,24726.593,,R,Dollars,6,Business Data Collection - BDC,Industry by financial variable (NZSIOC Level 2),Sales (operating income),Wholesale Trade,Current prices,Trend,
BDCQ.SF1FF1CT,2017.06,25096.995,,R,Dollars,6,Business Data Collection - BDC,Industry by financial variable (NZSIOC Level 2),Sales (operating income),Wholesale Trade,Current prices,Trend,
BDCQ.SF1FF1CT,2017.09,25465.336,,R,Dollars,6,Business Data Collection - BDC,Industry by financial variable (NZSIOC Level 2),Sales (operating income),Wholesale Trade,Current prices,Trend,
BDCQ.SF1FF1CT,2017.12,25921.019,,R,Dollars,6,Business Data Collection - BDC,Industry by financial variable (NZSIOC Level 2),Sales (operating income),Wholesale Trade,Current prices,Trend,
BDCQ.SF1FF1CT,2018.03,26379.381,,R,Dollars,6,Business Data Collection - BDC,Industry by financial variable (NZSIOC Level 2),Sales (operating income),Wholesale Trade,Current prices,Trend,
BDCQ.SF1FF1CT,2018.06,26881.276,,R,Dollars,6,Business Data Collection - BDC,Industry by financial variable (NZSIOC Level 2),Sales (operating income),Wholesale Trade,Current prices,Trend,
BDCQ.SF1FF1CT,2018.09,27359.715,,R,Dollars,6,Business Data Collection - BDC,Industry by financial variable (NZSIOC Level 2),Sales (operating income),Wholesale Trade,Current prices,Trend,
BDCQ.SF1FF1CT,2018.12,27663.818,,R,Dollars,6,Business Data Collection - BDC,Industry by financial variable (NZSIOC Level 2),Sales (operating income),Wholesale Trade,Current prices,Trend,
BDCQ.SF1FF1CT,2019.03,27776.434,,R,Dollars,6,Business Data Collection - BDC,Industry by financial variable (NZSIOC Level 2),Sales (operating income),Wholesale Trade,Current prices,Trend,
BDCQ.SF1FF1CT,2019.06,27797.999,,R,Dollars,6,Business Data Collection - BDC,Industry by financial variable (NZSIOC Level 2),Sales (operating income),Wholesale Trade,Current prices,Trend,
BDCQ.SF1FF1CT,2019.09,27916.14,,R,Dollars,6,Business Data Collection - BDC,Industry by financial variable (NZSIOC Level 2),Sales (operating income),Wholesale Trade,Current prices,Trend,
BDCQ.SF1FF1CT,2019.12,28133.48,,R,Dollars,6,Business Data Collection - BDC,Industry by financial variable (NZSIOC Level 2),Sales (operating income),Wholesale Trade,Current prices,Trend,
BDCQ.SF1FF1CT,2020.03,28462.694,,R,Dollars,6,Business Data Collection - BDC,Industry by financial variable (NZSIOC Level 2),Sales (operating income),Wholesale Trade,Current prices,Trend,
BDCQ.SF1FF1CT,2020.06,28935.903,,R,Dollars,6,Business Data Collection - BDC,Industry by financial variable (NZSIOC Level 2),Sales (operating income),Wholesale Trade,Current prices,Trend,
BDCQ.SF1FF1CT,2020.09,29302.751,,R,Dollars,6,Business Data Collection - BDC,Industry by financial variable (NZSIOC Level 2),Sales (operating income),Wholesale Trade,Current prices,Trend,
BDCQ.SF1FF1CT,2020.12,29548.116,,R,Dollars,6,Business Data Collection - BDC,Industry by financial variable (NZSIOC Level 2),Sales (operating income),Wholesale Trade,Current prices,Trend,
BDCQ.SF1FF1CT,2021.03,30157.652,,R,Dollars,6,Business Data Collection - BDC,Industry by financial variable (NZSIOC Level 2),Sales (operating income),Wholesale Trade,Current prices,Trend,
BDCQ.SF1FF1CT,2021.06,30994.835,,R,Dollars,6,Business Data Collection - BDC,Industry by financial variable (NZSIOC Level 2),Sales (operating income),Wholesale Trade,Current prices,Trend,
BDCQ.SF1FF1CT,2021.09,31662.864,,F,Dollars,6,Business Data Collection - BDC,Industry by financial variable (NZSIOC Level 2),Sales (operating income),Wholesale Trade,Current prices,Trend,
BDCQ.SF1FFCA,2016.06,23406.009,,F,Dollars,6,Business Data Collection - BDC,Industry by financial variable (NZSIOC Level 1),Sales (operating income),Wholesale Trade,Current,Unadjusted,
BDCQ.SF1FFCA,2016.09,23994.212,,F,Dollars,6,Business Data Collection - BDC,Industry by financial variable (NZSIOC Level 1),Sales (operating income),Wholesale Trade,Current,Unadjusted,
BDCQ.SF1FFCA,2016.12,25705.259,,F,Dollars,6,Business Data Collection - BDC,Industry by financial variable (NZSIOC Level 1),Sales (operating income),Wholesale Trade,Current,Unadjusted,
BDCQ.SF1FFCA,2017.03,23310.026,,F,Dollars,6,Business Data Collection - BDC,Industry by financial variable (NZSIOC Level 1),Sales (operating income),Wholesale Trade,Current,Unadjusted,
BDCQ.SF1FFCA,2017.06,24840.66,,F,Dollars,6,Business Data Collection - BDC,Industry by financial variable (NZSIOC Level 1),Sales (operating income),Wholesale Trade,Current,Unadjusted,
BDCQ.SF1FFCA,2017.09,25475.251,,F,Dollars,6,Business Data Collection - BDC,Industry by financial variable (NZSIOC Level 1),Sales (operating income),Wholesale Trade,Current,Unadjusted,
BDCQ.SF1FFCA,2017.12,27896.872,,F,Dollars,6,Business Data Collection - BDC,Industry by financial variable (NZSIOC Level 1),Sales (operating income),Wholesale Trade,Current,Unadjusted,
BDCQ.SF1FFCA,2018.03,24728.334,,F,Dollars,6,Business Data Collection - BDC,Industry by financial variable (NZSIOC Level 1),Sales (operating income),Wholesale Trade,Current,Unadjusted,
BDCQ.SF1FFCA,2018.06,26645.783,,F,Dollars,6,Business Data Collection - BDC,Industry by financial variable (NZSIOC Level 1),Sales (operating income),Wholesale Trade,Current,Unadjusted,
BDCQ.SF1FFCA,2018.09,27695.288,,F,Dollars,6,Business Data Collection - BDC,Industry by financial variable (NZSIOC Level 1),Sales (operating income),Wholesale Trade,Current,Unadjusted,
BDCQ.SF1FFCA,2018.12,29271.97,,F,Dollars,6,Business Data Collection - BDC,Industry by financial variable (NZSIOC Level 1),Sales (operating income),Wholesale Trade,Current,Unadjusted,
BDCQ.SF1FFCA,2019.03,26038.196,,F,Dollars,6,Business Data Collection - BDC,Industry by financial variable (NZSIOC Level 1),Sales (operating income),Wholesale Trade,Current,Unadjusted,
BDCQ.SF1FFCA,2019.06,27624.213,,F,Dollars,6,Business Data Collection - BDC,Industry by financial variable (NZSIOC Level 1),Sales (operating income),Wholesale Trade,Current,Unadjusted,
BDCQ.SF1FFCA,2019.09,28200.644,,F,Dollars,6,Business Data Collection - BDC,Industry by financial variable (NZSIOC Level 1),Sales (operating income),Wholesale Trade,Current,Unadjusted,
BDCQ.SF1FFCA,2019.12,29838.982,,F,Dollars,6,Business Data Collection - BDC,Industry by financial variable (NZSIOC Level 1),Sales (operating income),Wholesale Trade,Current,Unadjusted,
BDCQ.SF1FFCA,2020.03,26520.993,,F,Dollars,6,Business Data Collection - BDC,Industry by financial variable (NZSIOC Level 1),Sales (operating income),Wholesale Trade,Current,Unadjusted,
BDCQ.SF1FFCA,2020.06,24951.225,,F,Dollars,6,Business Data Collection - BDC,Industry by financial variable (NZSIOC Level 1),Sales (operating income),Wholesale Trade,Current,Unadjusted,
BDCQ.SF1FFCA,2020.09,29794.725,,F,Dollars,6,Business Data Collection - BDC,Industry by financial variable (NZSIOC Level 1),Sales (operating income),Wholesale Trade,Current,Unadjusted,
BDCQ.SF1FFCA,2020.12,30657.717,,F,Dollars,6,Business Data Collection - BDC,Industry by financial variable (NZSIOC Level 1),Sales (operating income),Wholesale Trade,Current,Unadjusted,
BDCQ.SF1FFCA,2021.03,28146.432,,F,Dollars,6,Business Data Collection - BDC,Industry by financial variable (NZSIOC Level 1),Sales (operating income),Wholesale Trade,Current,Unadjusted,
BDCQ.SF1FFCA,2021.06,30996.44,,F,Dollars,6,Business Data Collection - BDC,Industry by financial variable (NZSIOC Level 1),Sales (operating income),Wholesale Trade,Current,Unadjusted,
BDCQ.SF1FFCA,2021.09,32032.226,,F,Dollars,6,Business Data Collection - BDC,Industry by financial variable (NZSIOC Level 1),Sales (operating income),Wholesale Trade,Current,Unadjusted,
BDCQ.SF1FFCS,2016.06,23656.604,,R,Dollars,6,Business Data Collection - BDC,Industry by financial variable (NZSIOC Level 1),Sales (operating income),Wholesale Trade,Current,Seasonally adjusted,
BDCQ.SF1FFCS,2016.09,23831.29,,R,Dollars,6,Business Data Collection - BDC,Industry by financial variable (NZSIOC Level 1),Sales (operating income),Wholesale Trade,Current,Seasonally adjusted,
BDCQ.SF1FFCS,2016.12,24210.28,,R,Dollars,6,Business Data Collection - BDC,Industry by financial variable (NZSIOC Level 1),Sales (operating income),Wholesale Trade,Current,Seasonally adjusted,
BDCQ.SF1FFCS,2017.03,24785.172,,R,Dollars,6,Business Data Collection - BDC,Industry by financial variable (NZSIOC Level 1),Sales (operating income),Wholesale Trade,Current,Seasonally adjusted,
BDCQ.SF1FFCS,2017.06,25083.411,,R,Dollars,6,Business Data Collection - BDC,Industry by financial variable (NZSIOC Level 1),Sales (operating income),Wholesale Trade,Current,Seasonally adjusted,
BDCQ.SF1FFCS,2017.09,25247.557,,R,Dollars,6,Business Data Collection - BDC,Industry by financial variable (NZSIOC Level 1),Sales (operating income),Wholesale Trade,Current,Seasonally adjusted,
BDCQ.SF1FFCS,2017.12,26302.073,,R,Dollars,6,Business Data Collection - BDC,Industry by financial variable (NZSIOC Level 1),Sales (operating income),Wholesale Trade,Current,Seasonally adjusted,
BDCQ.SF1FFCS,2018.03,26352.473,,R,Dollars,6,Business Data Collection - BDC,Industry by financial variable (NZSIOC Level 1),Sales (operating income),Wholesale Trade,Current,Seasonally adjusted,
BDCQ.SF1FFCS,2018.06,26863.015,,R,Dollars,6,Business Data Collection - BDC,Industry by financial variable (NZSIOC Level 1),Sales (operating income),Wholesale Trade,Current,Seasonally adjusted,
BDCQ.SF1FFCS,2018.09,27404.002,,R,Dollars,6,Business Data Collection - BDC,Industry by financial variable (NZSIOC Level 1),Sales (operating income),Wholesale Trade,Current,Seasonally adjusted,
BDCQ.SF1FFCS,2018.12,27633.239,,R,Dollars,6,Business Data Collection - BDC,Industry by financial variable (NZSIOC Level 1),Sales (operating income),Wholesale Trade,Current,Seasonally adjusted,
BDCQ.SF1FFCS,2019.03,27811.679,,R,Dollars,6,Business Data Collection - BDC,Industry by financial variable (NZSIOC Level 1),Sales (operating income),Wholesale Trade,Current,Seasonally adjusted,
BDCQ.SF1FFCS,2019.06,27783.822,,R,Dollars,6,Business Data Collection - BDC,Industry by financial variable (NZSIOC Level 1),Sales (operating income),Wholesale Trade,Current,Seasonally adjusted,
BDCQ.SF1FFCS,2019.09,27874.169,,R,Dollars,6,Business Data Collection - BDC,Industry by financial variable (NZSIOC Level 1),Sales (operating income),Wholesale Trade,Current,Seasonally adjusted,
BDCQ.SF1FFCS,2019.12,28214.141,,R,Dollars,6,Business Data Collection - BDC,Industry by financial variable (NZSIOC Level 1),Sales (operating income),Wholesale Trade,Current,Seasonally adjusted,
BDCQ.SF1FFCS,2020.03,28363.55,,R,Dollars,6,Business Data Collection - BDC,Industry by financial variable (NZSIOC Level 1),Sales (operating income),Wholesale Trade,Current,Seasonally adjusted,
BDCQ.SF1FFCS,2020.06,25050.518,,R,Dollars,6,Business Data Collection - BDC,Industry by financial variable (NZSIOC Level 1),Sales (operating income),Wholesale Trade,Current,Seasonally adjusted,
BDCQ.SF1FFCS,2020.09,29428.811,,R,Dollars,6,Business Data Collection - BDC,Industry by financial variable (NZSIOC Level 1),Sales (operating income),Wholesale Trade,Current,Seasonally adjusted,
BDCQ.SF1FFCS,2020.12,29023.189,,R,Dollars,6,Business Data Collection - BDC,Industry by financial variable (NZSIOC Level 1),Sales (operating income),Wholesale Trade,Current,Seasonally adjusted,
BDCQ.SF1FFCS,2021.03,30128.963,,R,Dollars,6,Business Data Collection - BDC,Industry by financial variable (NZSIOC Level 1),Sales (operating income),Wholesale Trade,Current,Seasonally adjusted,
BDCQ.SF1FFCS,2021.06,31079.687,,R,Dollars,6,Business Data Collection - BDC,Industry by financial variable (NZSIOC Level 1),Sales (operating income),Wholesale Trade,Current,Seasonally adjusted,
BDCQ.SF1FFCS,2021.09,31625.503,,F,Dollars,6,Business Data Collection - BDC,Industry by financial variable (NZSIOC Level 1),Sales (operating income),Wholesale Trade,Current,Seasonally adjusted,
BDCQ.SF1FFCT,2016.06,23618.549,,R,Dollars,6,Business Data Collection - BDC,Industry by financial variable (NZSIOC Level 1),Sales (operating income),Wholesale Trade,Current,Trend,
BDCQ.SF1FFCT,2016.09,23850.307,,R,Dollars,6,Business Data Collection - BDC,Industry by financial variable (NZSIOC Level 1),Sales (operating income),Wholesale Trade,Current,Trend,
BDCQ.SF1FFCT,2016.12,24244.361,,R,Dollars,6,Business Data Collection - BDC,Industry by financial variable (NZSIOC Level 1),Sales (operating income),Wholesale Trade,Current,Trend,
BDCQ.SF1FFCT,2017.03,24726.593,,R,Dollars,6,Business Data Collection - BDC,Industry by financial variable (NZSIOC Level 1),Sales (operating income),Wholesale Trade,Current,Trend,
BDCQ.SF1FFCT,2017.06,25096.995,,R,Dollars,6,Business Data Collection - BDC,Industry by financial variable (NZSIOC Level 1),Sales (operating income),Wholesale Trade,Current,Trend,
BDCQ.SF1FFCT,2017.09,25465.336,,R,Dollars,6,Business Data Collection - BDC,Industry by financial variable (NZSIOC Level 1),Sales (operating income),Wholesale Trade,Current,Trend,
BDCQ.SF1FFCT,2017.12,25921.019,,R,Dollars,6,Business Data Collection - BDC,Industry by financial variable (NZSIOC Level 1),Sales (operating income),Wholesale Trade,Current,Trend,
BDCQ.SF1FFCT,2018.03,26379.381,,R,Dollars,6,Business Data Collection - BDC,Industry by financial variable (NZSIOC Level 1),Sales (operating income),Wholesale Trade,Current,Trend,
BDCQ.SF1FFCT,2018.06,26881.276,,R,Dollars,6,Business Data Collection - BDC,Industry by financial variable (NZSIOC Level 1),Sales (operating income),Wholesale Trade,Current,Trend,
BDCQ.SF1FFCT,2018.09,27359.715,,R,Dollars,6,Business Data Collection - BDC,Industry by financial variable (NZSIOC Level 1),Sales (operating income),Wholesale Trade,Current,Trend,
BDCQ.SF1FFCT,2018.12,27663.818,,R,Dollars,6,Business Data Collection - BDC,Industry by financial variable (NZSIOC Level 1),Sales (operating income),Wholesale Trade,Current,Trend,
BDCQ.SF1FFCT,2019.03,27776.434,,R,Dollars,6,Business Data Collection - BDC,Industry by financial variable (NZSIOC Level 1),Sales (operating income),Wholesale Trade,Current,Trend,
BDCQ.SF1FFCT,2019.06,27797.999,,R,Dollars,6,Business Data Collection - BDC,Industry by financial variable (NZSIOC Level 1),Sales (operating income),Wholesale Trade,Current,Trend,
BDCQ.SF1FFCT,2019.09,27916.14,,R,Dollars,6,Business Data Collection - BDC,Industry by financial variable (NZSIOC Level 1),Sales (operating income),Wholesale Trade,Current,Trend,
BDCQ.SF1FFCT,2019.12,28133.48,,R,Dollars,6,Business Data Collection - BDC,Industry by financial variable (NZSIOC Level 1),Sales (operating income),Wholesale Trade,Current,Trend,
BDCQ.SF1FFCT,2020.03,28462.694,,R,Dollars,6,Business Data Collection - BDC,Industry by financial variable (NZSIOC Level 1),Sales (operating income),Wholesale Trade,Current,Trend,
BDCQ.SF1FFCT,2020.06,28935.903,,R,Dollars,6,Business Data Collection - BDC,Industry by financial variable (NZSIOC Level 1),Sales (operating income),Wholesale Trade,Current,Trend,
BDCQ.SF1FFCT,2020.09,29302.751,,R,Dollars,6,Business Data Collection - BDC,Industry by financial variable (NZSIOC Level 1),Sales (operating income),Wholesale Trade,Current,Trend,
BDCQ.SF1FFCT,2020.12,29548.116,,R,Dollars,6,Business Data Collection - BDC,Industry by financial variable (NZSIOC Level 1),Sales (operating income),Wholesale Trade,Current,Trend,
BDCQ.SF1FFCT,2021.03,30157.652,,R,Dollars,6,Business Data Collection - BDC,Industry by financial variable (NZSIOC Level 1),Sales (operating income),Wholesale Trade,Current,Trend,
BDCQ.SF1FFCT,2021.06,30994.835,,R,Dollars,6,Business Data Collection - BDC,Industry by financial variable (NZSIOC Level 1),Sales (operating income),Wholesale Trade,Current,Trend,
BDCQ.SF1FFCT,2021.09,31662.864,,F,Dollars,6,Business Data Collection - BDC,Industry by financial variable (NZSIOC Level 1),Sales (operating income),Wholesale Trade,Current,Trend,
BDCQ.SF1GH1CA,2017.09,18374.424,,F,Dollars,6,Business Data Collection - BDC,Industry by financial variable (NZSIOC Level 2),Sales (operating income),Retail Trade,Current prices,Unadjusted,
BDCQ.SF1GH1CA,2017.12,21112.477,,F,Dollars,6,Business Data Collection - BDC,Industry by financial variable (NZSIOC Level 2),Sales (operating income),Retail Trade,Current prices,Unadjusted,
BDCQ.SF1GH1CA,2018.03,18994.22,,F,Dollars,6,Business Data Collection - BDC,Industry by financial variable (NZSIOC Level 2),Sales (operating income),Retail Trade,Current prices,Unadjusted,
BDCQ.SF1GH1CA,2018.06,19160.244,,F,Dollars,6,Business Data Collection - BDC,Industry by financial variable (NZSIOC Level 2),Sales (operating income),Retail Trade,Current prices,Unadjusted,
BDCQ.SF1GH1CA,2018.09,19156.117,,F,Dollars,6,Business Data Collection - BDC,Industry by financial variable (NZSIOC Level 2),Sales (operating income),Retail Trade,Current prices,Unadjusted,
BDCQ.SF1GH1CA,2018.12,21992.054,,F,Dollars,6,Business Data Collection - BDC,Industry by financial variable (NZSIOC Level 2),Sales (operating income),Retail Trade,Current prices,Unadjusted,
BDCQ.SF1GH1CA,2019.03,19685.968,,F,Dollars,6,Business Data Collection - BDC,Industry by financial variable (NZSIOC Level 2),Sales (operating income),Retail Trade,Current prices,Unadjusted,
BDCQ.SF1GH1CA,2019.06,19810.531,,F,Dollars,6,Business Data Collection - BDC,Industry by financial variable (NZSIOC Level 2),Sales (operating income),Retail Trade,Current prices,Unadjusted,
BDCQ.SF1GH1CA,2019.09,19877.469,,F,Dollars,6,Business Data Collection - BDC,Industry by financial variable (NZSIOC Level 2),Sales (operating income),Retail Trade,Current prices,Unadjusted,
BDCQ.SF1GH1CA,2019.12,22705.92,,F,Dollars,6,Business Data Collection - BDC,Industry by financial variable (NZSIOC Level 2),Sales (operating income),Retail Trade,Current prices,Unadjusted,
BDCQ.SF1GH1CA,2020.03,20640.323,,F,Dollars,6,Business Data Collection - BDC,Industry by financial variable (NZSIOC Level 2),Sales (operating income),Retail Trade,Current prices,Unadjusted,
BDCQ.SF1GH1CA,2020.06,17775.1,,F,Dollars,6,Business Data Collection - BDC,Industry by financial variable (NZSIOC Level 2),Sales (operating income),Retail Trade,Current prices,Unadjusted,
BDCQ.SF1GH1CA,2020.09,21852.753,,F,Dollars,6,Business Data Collection - BDC,Industry by financial variable (NZSIOC Level 2),Sales (operating income),Retail Trade,Current prices,Unadjusted,
BDCQ.SF1GH1CA,2020.12,24227.653,,F,Dollars,6,Business Data Collection - BDC,Industry by financial variable (NZSIOC Level 2),Sales (operating income),Retail Trade,Current prices,Unadjusted,
BDCQ.SF1GH1CA,2021.03,22139.988,,F,Dollars,6,Business Data Collection - BDC,Industry by financial variable (NZSIOC Level 2),Sales (operating income),Retail Trade,Current prices,Unadjusted,
BDCQ.SF1GH1CA,2021.06,23093.672,,F,Dollars,6,Business Data Collection - BDC,Industry by financial variable (NZSIOC Level 2),Sales (operating income),Retail Trade,Current prices,Unadjusted,
BDCQ.SF1GH1CA,2021.09,21518.421,,F,Dollars,6,Business Data Collection - BDC,Industry by financial variable (NZSIOC Level 2),Sales (operating income),Retail Trade,Current prices,Unadjusted,
BDCQ.SF1GH1CS,2017.09,19090.903,,R,Dollars,6,Business Data Collection - BDC,Industry by financial variable (NZSIOC Level 2),Sales (operating income),Retail Trade,Current prices,Seasonally adjusted,
BDCQ.SF1GH1CS,2017.12,19370.793,,R,Dollars,6,Business Data Collection - BDC,Industry by financial variable (NZSIOC Level 2),Sales (operating income),Retail Trade,Current prices,Seasonally adjusted,
BDCQ.SF1GH1CS,2018.03,19465.879,,R,Dollars,6,Business Data Collection - BDC,Industry by financial variable (NZSIOC Level 2),Sales (operating income),Retail Trade,Current prices,Seasonally adjusted,
BDCQ.SF1GH1CS,2018.06,19712.958,,R,Dollars,6,Business Data Collection - BDC,Industry by financial variable (NZSIOC Level 2),Sales (operating income),Retail Trade,Current prices,Seasonally adjusted,
BDCQ.SF1GH1CS,2018.09,19909.055,,R,Dollars,6,Business Data Collection - BDC,Industry by financial variable (NZSIOC Level 2),Sales (operating income),Retail Trade,Current prices,Seasonally adjusted,
BDCQ.SF1GH1CS,2018.12,20174.667,,R,Dollars,6,Business Data Collection - BDC,Industry by financial variable (NZSIOC Level 2),Sales (operating income),Retail Trade,Current prices,Seasonally adjusted,
BDCQ.SF1GH1CS,2019.03,20172.762,,R,Dollars,6,Business Data Collection - BDC,Industry by financial variable (NZSIOC Level 2),Sales (operating income),Retail Trade,Current prices,Seasonally adjusted,
BDCQ.SF1GH1CS,2019.06,20384.725,,R,Dollars,6,Business Data Collection - BDC,Industry by financial variable (NZSIOC Level 2),Sales (operating income),Retail Trade,Current prices,Seasonally adjusted,
BDCQ.SF1GH1CS,2019.09,20658.159,,R,Dollars,6,Business Data Collection - BDC,Industry by financial variable (NZSIOC Level 2),Sales (operating income),Retail Trade,Current prices,Seasonally adjusted,
BDCQ.SF1GH1CS,2019.12,20831.031,,R,Dollars,6,Business Data Collection - BDC,Industry by financial variable (NZSIOC Level 2),Sales (operating income),Retail Trade,Current prices,Seasonally adjusted,
BDCQ.SF1GH1CS,2020.03,21144.619,,R,Dollars,6,Business Data Collection - BDC,Industry by financial variable (NZSIOC Level 2),Sales (operating income),Retail Trade,Current prices,Seasonally adjusted,
BDCQ.SF1GH1CS,2020.06,18298.46,,R,Dollars,6,Business Data Collection - BDC,Industry by financial variable (NZSIOC Level 2),Sales (operating income),Retail Trade,Current prices,Seasonally adjusted,
BDCQ.SF1GH1CS,2020.09,22700.016,,R,Dollars,6,Business Data Collection - BDC,Industry by financial variable (NZSIOC Level 2),Sales (operating income),Retail Trade,Current prices,Seasonally adjusted,
BDCQ.SF1GH1CS,2020.12,22235.47,,R,Dollars,6,Business Data Collection - BDC,Industry by financial variable (NZSIOC Level 2),Sales (operating income),Retail Trade,Current prices,Seasonally adjusted,
BDCQ.SF1GH1CS,2021.03,22673.626,,R,Dollars,6,Business Data Collection - BDC,Industry by financial variable (NZSIOC Level 2),Sales (operating income),Retail Trade,Current prices,Seasonally adjusted,
BDCQ.SF1GH1CS,2021.06,23780.433,,R,Dollars,6,Business Data Collection - BDC,Industry by financial variable (NZSIOC Level 2),Sales (operating income),Retail Trade,Current prices,Seasonally adjusted,
BDCQ.SF1GH1CS,2021.09,22343.921,,F,Dollars,6,Business Data Collection - BDC,Industry by financial variable (NZSIOC Level 2),Sales (operating income),Retail Trade,Current prices,Seasonally adjusted,
BDCQ.SF1GH1CT,2017.09,19146.215,,R,Dollars,6,Business Data Collection - BDC,Industry by financial variable (NZSIOC Level 2),Sales (operating income),Retail Trade,Current prices,Trend,
BDCQ.SF1GH1CT,2017.12,19317.158,,R,Dollars,6,Business Data Collection - BDC,Industry by financial variable (NZSIOC Level 2),Sales (operating income),Retail Trade,Current prices,Trend,
BDCQ.SF1GH1CT,2018.03,19505.513,,R,Dollars,6,Business Data Collection - BDC,Industry by financial variable (NZSIOC Level 2),Sales (operating income),Retail Trade,Current prices,Trend,
BDCQ.SF1GH1CT,2018.06,19689.207,,R,Dollars,6,Business Data Collection - BDC,Industry by financial variable (NZSIOC Level 2),Sales (operating income),Retail Trade,Current prices,Trend,
BDCQ.SF1GH1CT,2018.09,19942.65,,R,Dollars,6,Business Data Collection - BDC,Industry by financial variable (NZSIOC Level 2),Sales (operating income),Retail Trade,Current prices,Trend,
BDCQ.SF1GH1CT,2018.12,20114.574,,R,Dollars,6,Business Data Collection - BDC,Industry by financial variable (NZSIOC Level 2),Sales (operating income),Retail Trade,Current prices,Trend,
BDCQ.SF1GH1CT,2019.03,20219.298,,R,Dollars,6,Business Data Collection - BDC,Industry by financial variable (NZSIOC Level 2),Sales (operating income),Retail Trade,Current prices,Trend,
BDCQ.SF1GH1CT,2019.06,20385.432,,R,Dollars,6,Business Data Collection - BDC,Industry by financial variable (NZSIOC Level 2),Sales (operating income),Retail Trade,Current prices,Trend,
BDCQ.SF1GH1CT,2019.09,20628.545,,R,Dollars,6,Business Data Collection - BDC,Industry by financial variable (NZSIOC Level 2),Sales (operating income),Retail Trade,Current prices,Trend,
BDCQ.SF1GH1CT,2019.12,20855.58,,R,Dollars,6,Business Data Collection - BDC,Industry by financial variable (NZSIOC Level 2),Sales (operating income),Retail Trade,Current prices,Trend,
BDCQ.SF1GH1CT,2020.03,21138.766,,R,Dollars,6,Business Data Collection - BDC,Industry by financial variable (NZSIOC Level 2),Sales (operating income),Retail Trade,Current prices,Trend,
BDCQ.SF1GH1CT,2020.06,,Y,C,Dollars,6,Business Data Collection - BDC,Industry by financial variable (NZSIOC Level 2),Sales (operating income),Retail Trade,Current prices,Trend,
BDCQ.SF1GH1CT,2020.09,,Y,C,Dollars,6,Business Data Collection - BDC,Industry by financial variable (NZSIOC Level 2),Sales (operating income),Retail Trade,Current prices,Trend,
BDCQ.SF1GH1CT,2020.12,,Y,C,Dollars,6,Business Data Collection - BDC,Industry by financial variable (NZSIOC Level 2),Sales (operating income),Retail Trade,Current prices,Trend,
BDCQ.SF1GH1CT,2021.03,,Y,C,Dollars,6,Business Data Collection - BDC,Industry by financial variable (NZSIOC Level 2),Sales (operating income),Retail Trade,Current prices,Trend,
BDCQ.SF1GH1CT,2021.06,,Y,C,Dollars,6,Business Data Collection - BDC,Industry by financial variable (NZSIOC Level 2),Sales (operating income),Retail Trade,Current prices,Trend,
BDCQ.SF1GH1CT,2021.09,,Y,C,Dollars,6,Business Data Collection - BDC,Industry by financial variable (NZSIOC Level 2),Sales (operating income),Retail Trade,Current prices,Trend,
BDCQ.SF1GH2CA,2017.09,3570.189,,F,Dollars,6,Business Data Collection - BDC,Industry by financial variable (NZSIOC Level 2),Sales (operating income),Accommodation and Food Services,Current prices,Unadjusted,
BDCQ.SF1GH2CA,2017.12,4062.285,,F,Dollars,6,Business Data Collection - BDC,Industry by financial variable (NZSIOC Level 2),Sales (operating income),Accommodation and Food Services,Current prices,Unadjusted,
BDCQ.SF1GH2CA,2018.03,4131.369,,F,Dollars,6,Business Data Collection - BDC,Industry by financial variable (NZSIOC Level 2),Sales (operating income),Accommodation and Food Services,Current prices,Unadjusted,
BDCQ.SF1GH2CA,2018.06,3755.582,,F,Dollars,6,Business Data Collection - BDC,Industry by financial variable (NZSIOC Level 2),Sales (operating income),Accommodation and Food Services,Current prices,Unadjusted,
BDCQ.SF1GH2CA,2018.09,3658.582,,F,Dollars,6,Business Data Collection - BDC,Industry by financial variable (NZSIOC Level 2),Sales (operating income),Accommodation and Food Services,Current prices,Unadjusted,
BDCQ.SF1GH2CA,2018.12,4320.651,,F,Dollars,6,Business Data Collection - BDC,Industry by financial variable (NZSIOC Level 2),Sales (operating income),Accommodation and Food Services,Current prices,Unadjusted,
BDCQ.SF1GH2CA,2019.03,4288.873,,F,Dollars,6,Business Data Collection - BDC,Industry by financial variable (NZSIOC Level 2),Sales (operating income),Accommodation and Food Services,Current prices,Unadjusted,
BDCQ.SF1GH2CA,2019.06,3887.467,,F,Dollars,6,Business Data Collection - BDC,Industry by financial variable (NZSIOC Level 2),Sales (operating income),Accommodation and Food Services,Current prices,Unadjusted,
BDCQ.SF1GH2CA,2019.09,3898.683,,F,Dollars,6,Business Data Collection - BDC,Industry by financial variable (NZSIOC Level 2),Sales (operating income),Accommodation and Food Services,Current prices,Unadjusted,
BDCQ.SF1GH2CA,2019.12,4492.364,,F,Dollars,6,Business Data Collection - BDC,Industry by financial variable (NZSIOC Level 2),Sales (operating income),Accommodation and Food Services,Current prices,Unadjusted,
BDCQ.SF1GH2CA,2020.03,4153.621,,F,Dollars,6,Business Data Collection - BDC,Industry by financial variable (NZSIOC Level 2),Sales (operating income),Accommodation and Food Services,Current prices,Unadjusted,
BDCQ.SF1GH2CA,2020.06,2276.721,,F,Dollars,6,Business Data Collection - BDC,Industry by financial variable (NZSIOC Level 2),Sales (operating income),Accommodation and Food Services,Current prices,Unadjusted,
BDCQ.SF1GH2CA,2020.09,3699.215,,F,Dollars,6,Business Data Collection - BDC,Industry by financial variable (NZSIOC Level 2),Sales (operating income),Accommodation and Food Services,Current prices,Unadjusted,
BDCQ.SF1GH2CA,2020.12,4276.991,,F,Dollars,6,Business Data Collection - BDC,Industry by financial variable (NZSIOC Level 2),Sales (operating income),Accommodation and Food Services,Current prices,Unadjusted,
BDCQ.SF1GH2CA,2021.03,4180.847,,F,Dollars,6,Business Data Collection - BDC,Industry by financial variable (NZSIOC Level 2),Sales (operating income),Accommodation and Food Services,Current prices,Unadjusted,
BDCQ.SF1GH2CA,2021.06,4388.338,,F,Dollars,6,Business Data Collection - BDC,Industry by financial variable (NZSIOC Level 2),Sales (operating income),Accommodation and Food Services,Current prices,Unadjusted,
BDCQ.SF1GH2CA,2021.09,3588.917,,F,Dollars,6,Business Data Collection - BDC,Industry by financial variable (NZSIOC Level 2),Sales (operating income),Accommodation and Food Services,Current prices,Unadjusted,
BDCQ.SF1GH2CS,2017.09,3812.868,,R,Dollars,6,Business Data Collection - BDC,Industry by financial variable (NZSIOC Level 2),Sales (operating income),Accommodation and Food Services,Current prices,Seasonally adjusted,
BDCQ.SF1GH2CS,2017.12,3856.297,,R,Dollars,6,Business Data Collection - BDC,Industry by financial variable (NZSIOC Level 2),Sales (operating income),Accommodation and Food Services,Current prices,Seasonally adjusted,
BDCQ.SF1GH2CS,2018.03,3922.326,,R,Dollars,6,Business Data Collection - BDC,Industry by financial variable (NZSIOC Level 2),Sales (operating income),Accommodation and Food Services,Current prices,Seasonally adjusted,
BDCQ.SF1GH2CS,2018.06,3904.671,,R,Dollars,6,Business Data Collection - BDC,Industry by financial variable (NZSIOC Level 2),Sales (operating income),Accommodation and Food Services,Current prices,Seasonally adjusted,
BDCQ.SF1GH2CS,2018.09,3938.465,,R,Dollars,6,Business Data Collection - BDC,Industry by financial variable (NZSIOC Level 2),Sales (operating income),Accommodation and Food Services,Current prices,Seasonally adjusted,
BDCQ.SF1GH2CS,2018.12,4078.698,,R,Dollars,6,Business Data Collection - BDC,Industry by financial variable (NZSIOC Level 2),Sales (operating income),Accommodation and Food Services,Current prices,Seasonally adjusted,
BDCQ.SF1GH2CS,2019.03,4113.751,,R,Dollars,6,Business Data Collection - BDC,Industry by financial variable (NZSIOC Level 2),Sales (operating income),Accommodation and Food Services,Current prices,Seasonally adjusted,
BDCQ.SF1GH2CS,2019.06,3987.451,,R,Dollars,6,Business Data Collection - BDC,Industry by financial variable (NZSIOC Level 2),Sales (operating income),Accommodation and Food Services,Current prices,Seasonally adjusted,
BDCQ.SF1GH2CS,2019.09,4225.473,,R,Dollars,6,Business Data Collection - BDC,Industry by financial variable (NZSIOC Level 2),Sales (operating income),Accommodation and Food Services,Current prices,Seasonally adjusted,
BDCQ.SF1GH2CS,2019.12,4229.659,,R,Dollars,6,Business Data Collection - BDC,Industry by financial variable (NZSIOC Level 2),Sales (operating income),Accommodation and Food Services,Current prices,Seasonally adjusted,
BDCQ.SF1GH2CS,2020.03,4027.963,,R,Dollars,6,Business Data Collection - BDC,Industry by financial variable (NZSIOC Level 2),Sales (operating income),Accommodation and Food Services,Current prices,Seasonally adjusted,
BDCQ.SF1GH2CS,2020.06,2296.823,,R,Dollars,6,Business Data Collection - BDC,Industry by financial variable (NZSIOC Level 2),Sales (operating income),Accommodation and Food Services,Current prices,Seasonally adjusted,
BDCQ.SF1GH2CS,2020.09,4039.792,,R,Dollars,6,Business Data Collection - BDC,Industry by financial variable (NZSIOC Level 2),Sales (operating income),Accommodation and Food Services,Current prices,Seasonally adjusted,
BDCQ.SF1GH2CS,2020.12,4026.916,,R,Dollars,6,Business Data Collection - BDC,Industry by financial variable (NZSIOC Level 2),Sales (operating income),Accommodation and Food Services,Current prices,Seasonally adjusted,
BDCQ.SF1GH2CS,2021.03,4082.096,,R,Dollars,6,Business Data Collection - BDC,Industry by financial variable (NZSIOC Level 2),Sales (operating income),Accommodation and Food Services,Current prices,Seasonally adjusted,
BDCQ.SF1GH2CS,2021.06,4373.724,,R,Dollars,6,Business Data Collection - BDC,Industry by financial variable (NZSIOC Level 2),Sales (operating income),Accommodation and Food Services,Current prices,Seasonally adjusted,
BDCQ.SF1GH2CS,2021.09,3939.416,,F,Dollars,6,Business Data Collection - BDC,Industry by financial variable (NZSIOC Level 2),Sales (operating income),Accommodation and Food Services,Current prices,Seasonally adjusted,
BDCQ.SF1GH2CT,2017.09,3819.329,,R,Dollars,6,Business Data Collection - BDC,Industry by financial variable (NZSIOC Level 2),Sales (operating income),Accommodation and Food Services,Current prices,Trend,
BDCQ.SF1GH2CT,2017.12,3865.2,,R,Dollars,6,Business Data Collection - BDC,Industry by financial variable (NZSIOC Level 2),Sales (operating income),Accommodation and Food Services,Current prices,Trend,
BDCQ.SF1GH2CT,2018.03,3904.6,,R,Dollars,6,Business Data Collection - BDC,Industry by financial variable (NZSIOC Level 2),Sales (operating income),Accommodation and Food Services,Current prices,Trend,
BDCQ.SF1GH2CT,2018.06,3910.556,,R,Dollars,6,Business Data Collection - BDC,Industry by financial variable (NZSIOC Level 2),Sales (operating income),Accommodation and Food Services,Current prices,Trend,
BDCQ.SF1GH2CT,2018.09,3958.042,,R,Dollars,6,Business Data Collection - BDC,Industry by financial variable (NZSIOC Level 2),Sales (operating income),Accommodation and Food Services,Current prices,Trend,
BDCQ.SF1GH2CT,2018.12,4061.154,,R,Dollars,6,Business Data Collection - BDC,Industry by financial variable (NZSIOC Level 2),Sales (operating income),Accommodation and Food Services,Current prices,Trend,
BDCQ.SF1GH2CT,2019.03,4095.547,,R,Dollars,6,Business Data Collection - BDC,Industry by financial variable (NZSIOC Level 2),Sales (operating income),Accommodation and Food Services,Current prices,Trend,
BDCQ.SF1GH2CT,2019.06,4116.673,,R,Dollars,6,Business Data Collection - BDC,Industry by financial variable (NZSIOC Level 2),Sales (operating income),Accommodation and Food Services,Current prices,Trend,
BDCQ.SF1GH2CT,2019.09,4194.874,,R,Dollars,6,Business Data Collection - BDC,Industry by financial variable (NZSIOC Level 2),Sales (operating income),Accommodation and Food Services,Current prices,Trend,
BDCQ.SF1GH2CT,2019.12,4221.647,,R,Dollars,6,Business Data Collection - BDC,Industry by financial variable (NZSIOC Level 2),Sales (operating income),Accommodation and Food Services,Current prices,Trend,
BDCQ.SF1GH2CT,2020.03,,Y,C,Dollars,6,Business Data Collection - BDC,Industry by financial variable (NZSIOC Level 2),Sales (operating income),Accommodation and Food Services,Current prices,Trend,
BDCQ.SF1GH2CT,2020.06,,Y,C,Dollars,6,Business Data Collection - BDC,Industry by financial variable (NZSIOC Level 2),Sales (operating income),Accommodation and Food Services,Current prices,Trend,
BDCQ.SF1GH2CT,2020.09,,Y,C,Dollars,6,Business Data Collection - BDC,Industry by financial variable (NZSIOC Level 2),Sales (operating income),Accommodation and Food Services,Current prices,Trend,
BDCQ.SF1GH2CT,2020.12,,Y,C,Dollars,6,Business Data Collection - BDC,Industry by financial variable (NZSIOC Level 2),Sales (operating income),Accommodation and Food Services,Current prices,Trend,
BDCQ.SF1GH2CT,2021.03,,Y,C,Dollars,6,Business Data Collection - BDC,Industry by financial variable (NZSIOC Level 2),Sales (operating income),Accommodation and Food Services,Current prices,Trend,
BDCQ.SF1GH2CT,2021.06,,Y,C,Dollars,6,Business Data Collection - BDC,Industry by financial variable (NZSIOC Level 2),Sales (operating income),Accommodation and Food Services,Current prices,Trend,
BDCQ.SF1GH2CT,2021.09,,Y,C,Dollars,6,Business Data Collection - BDC,Industry by financial variable (NZSIOC Level 2),Sales (operating income),Accommodation and Food Services,Current prices,Trend,
BDCQ.SF1GHCA,2017.09,21944.613,,F,Dollars,6,Business Data Collection - BDC,Industry by financial variable (NZSIOC Level 1),Sales (operating income),Retail Trade and Accommodation,Current,Unadjusted,
BDCQ.SF1GHCA,2017.12,25174.762,,F,Dollars,6,Business Data Collection - BDC,Industry by financial variable (NZSIOC Level 1),Sales (operating income),Retail Trade and Accommodation,Current,Unadjusted,
BDCQ.SF1GHCA,2018.03,23125.589,,F,Dollars,6,Business Data Collection - BDC,Industry by financial variable (NZSIOC Level 1),Sales (operating income),Retail Trade and Accommodation,Current,Unadjusted,
BDCQ.SF1GHCA,2018.06,22915.826,,F,Dollars,6,Business Data Collection - BDC,Industry by financial variable (NZSIOC Level 1),Sales (operating income),Retail Trade and Accommodation,Current,Unadjusted,
BDCQ.SF1GHCA,2018.09,22814.699,,F,Dollars,6,Business Data Collection - BDC,Industry by financial variable (NZSIOC Level 1),Sales (operating income),Retail Trade and Accommodation,Current,Unadjusted,
BDCQ.SF1GHCA,2018.12,26312.705,,F,Dollars,6,Business Data Collection - BDC,Industry by financial variable (NZSIOC Level 1),Sales (operating income),Retail Trade and Accommodation,Current,Unadjusted,
BDCQ.SF1GHCA,2019.03,23974.841,,F,Dollars,6,Business Data Collection - BDC,Industry by financial variable (NZSIOC Level 1),Sales (operating income),Retail Trade and Accommodation,Current,Unadjusted,
BDCQ.SF1GHCA,2019.06,23697.998,,F,Dollars,6,Business Data Collection - BDC,Industry by financial variable (NZSIOC Level 1),Sales (operating income),Retail Trade and Accommodation,Current,Unadjusted,
BDCQ.SF1GHCA,2019.09,23776.153,,F,Dollars,6,Business Data Collection - BDC,Industry by financial variable (NZSIOC Level 1),Sales (operating income),Retail Trade and Accommodation,Current,Unadjusted,
BDCQ.SF1GHCA,2019.12,27198.284,,F,Dollars,6,Business Data Collection - BDC,Industry by financial variable (NZSIOC Level 1),Sales (operating income),Retail Trade and Accommodation,Current,Unadjusted,
BDCQ.SF1GHCA,2020.03,24793.944,,F,Dollars,6,Business Data Collection - BDC,Industry by financial variable (NZSIOC Level 1),Sales (operating income),Retail Trade and Accommodation,Current,Unadjusted,
BDCQ.SF1GHCA,2020.06,20051.821,,F,Dollars,6,Business Data Collection - BDC,Industry by financial variable (NZSIOC Level 1),Sales (operating income),Retail Trade and Accommodation,Current,Unadjusted,
BDCQ.SF1GHCA,2020.09,25551.967,,F,Dollars,6,Business Data Collection - BDC,Industry by financial variable (NZSIOC Level 1),Sales (operating income),Retail Trade and Accommodation,Current,Unadjusted,
BDCQ.SF1GHCA,2020.12,28504.644,,F,Dollars,6,Business Data Collection - BDC,Industry by financial variable (NZSIOC Level 1),Sales (operating income),Retail Trade and Accommodation,Current,Unadjusted,
BDCQ.SF1GHCA,2021.03,26320.835,,F,Dollars,6,Business Data Collection - BDC,Industry by financial variable (NZSIOC Level 1),Sales (operating income),Retail Trade and Accommodation,Current,Unadjusted,
BDCQ.SF1GHCA,2021.06,27482.01,,F,Dollars,6,Business Data Collection - BDC,Industry by financial variable (NZSIOC Level 1),Sales (operating income),Retail Trade and Accommodation,Current,Unadjusted,
BDCQ.SF1GHCA,2021.09,25107.338,,F,Dollars,6,Business Data Collection - BDC,Industry by financial variable (NZSIOC Level 1),Sales (operating income),Retail Trade and Accommodation,Current,Unadjusted,
BDCQ.SF1GHCS,2016.06,21262.249,,R,Dollars,6,Business Data Collection - BDC,Industry by financial variable (NZSIOC Level 1),Sales (operating income),Retail Trade and Accommodation,Current,Seasonally adjusted,
BDCQ.SF1GHCS,2016.09,21579.021,,R,Dollars,6,Business Data Collection - BDC,Industry by financial variable (NZSIOC Level 1),Sales (operating income),Retail Trade and Accommodation,Current,Seasonally adjusted,
BDCQ.SF1GHCS,2016.12,22005.953,,R,Dollars,6,Business Data Collection - BDC,Industry by financial variable (NZSIOC Level 1),Sales (operating income),Retail Trade and Accommodation,Current,Seasonally adjusted,
BDCQ.SF1GHCS,2017.03,22541.575,,R,Dollars,6,Business Data Collection - BDC,Industry by financial variable (NZSIOC Level 1),Sales (operating income),Retail Trade and Accommodation,Current,Seasonally adjusted,
BDCQ.SF1GHCS,2017.06,22785.071,,R,Dollars,6,Business Data Collection - BDC,Industry by financial variable (NZSIOC Level 1),Sales (operating income),Retail Trade and Accommodation,Current,Seasonally adjusted,
BDCQ.SF1GHCS,2017.09,22988.922,,R,Dollars,6,Business Data Collection - BDC,Industry by financial variable (NZSIOC Level 1),Sales (operating income),Retail Trade and Accommodation,Current,Seasonally adjusted,
BDCQ.SF1GHCS,2017.12,23344.303,,R,Dollars,6,Business Data Collection - BDC,Industry by financial variable (NZSIOC Level 1),Sales (operating income),Retail Trade and Accommodation,Current,Seasonally adjusted,
BDCQ.SF1GHCS,2018.03,23389.953,,R,Dollars,6,Business Data Collection - BDC,Industry by financial variable (NZSIOC Level 1),Sales (operating income),Retail Trade and Accommodation,Current,Seasonally adjusted,
BDCQ.SF1GHCS,2018.06,23600.644,,R,Dollars,6,Business Data Collection - BDC,Industry by financial variable (NZSIOC Level 1),Sales (operating income),Retail Trade and Accommodation,Current,Seasonally adjusted,
BDCQ.SF1GHCS,2018.09,23852.797,,R,Dollars,6,Business Data Collection - BDC,Industry by financial variable (NZSIOC Level 1),Sales (operating income),Retail Trade and Accommodation,Current,Seasonally adjusted,
BDCQ.SF1GHCS,2018.12,24296.408,,R,Dollars,6,Business Data Collection - BDC,Industry by financial variable (NZSIOC Level 1),Sales (operating income),Retail Trade and Accommodation,Current,Seasonally adjusted,
BDCQ.SF1GHCS,2019.03,24384.614,,R,Dollars,6,Business Data Collection - BDC,Industry by financial variable (NZSIOC Level 1),Sales (operating income),Retail Trade and Accommodation,Current,Seasonally adjusted,
BDCQ.SF1GHCS,2019.06,24350.893,,R,Dollars,6,Business Data Collection - BDC,Industry by financial variable (NZSIOC Level 1),Sales (operating income),Retail Trade and Accommodation,Current,Seasonally adjusted,
BDCQ.SF1GHCS,2019.09,24789.789,,R,Dollars,6,Business Data Collection - BDC,Industry by financial variable (NZSIOC Level 1),Sales (operating income),Retail Trade and Accommodation,Current,Seasonally adjusted,
BDCQ.SF1GHCS,2019.12,25116.592,,R,Dollars,6,Business Data Collection - BDC,Industry by financial variable (NZSIOC Level 1),Sales (operating income),Retail Trade and Accommodation,Current,Seasonally adjusted,
BDCQ.SF1GHCS,2020.03,24939.065,,R,Dollars,6,Business Data Collection - BDC,Industry by financial variable (NZSIOC Level 1),Sales (operating income),Retail Trade and Accommodation,Current,Seasonally adjusted,
BDCQ.SF1GHCS,2020.06,20568.207,,R,Dollars,6,Business Data Collection - BDC,Industry by financial variable (NZSIOC Level 1),Sales (operating income),Retail Trade and Accommodation,Current,Seasonally adjusted,
BDCQ.SF1GHCS,2020.09,26597.454,,R,Dollars,6,Business Data Collection - BDC,Industry by financial variable (NZSIOC Level 1),Sales (operating income),Retail Trade and Accommodation,Current,Seasonally adjusted,
BDCQ.SF1GHCS,2020.12,26290.818,,R,Dollars,6,Business Data Collection - BDC,Industry by financial variable (NZSIOC Level 1),Sales (operating income),Retail Trade and Accommodation,Current,Seasonally adjusted,
BDCQ.SF1GHCS,2021.03,26961.599,,R,Dollars,6,Business Data Collection - BDC,Industry by financial variable (NZSIOC Level 1),Sales (operating income),Retail Trade and Accommodation,Current,Seasonally adjusted,
BDCQ.SF1GHCS,2021.06,28106.153,,R,Dollars,6,Business Data Collection - BDC,Industry by financial variable (NZSIOC Level 1),Sales (operating income),Retail Trade and Accommodation,Current,Seasonally adjusted,
BDCQ.SF1GHCS,2021.09,26136.978,,F,Dollars,6,Business Data Collection - BDC,Industry by financial variable (NZSIOC Level 1),Sales (operating income),Retail Trade and Accommodation,Current,Seasonally adjusted,
BDCQ.SF1GHCT,2016.06,21219.602,,R,Dollars,6,Business Data Collection - BDC,Industry by financial variable (NZSIOC Level 1),Sales (operating income),Retail Trade and Accommodation,Current,Trend,
BDCQ.SF1GHCT,2016.09,21597.649,,R,Dollars,6,Business Data Collection - BDC,Industry by financial variable (NZSIOC Level 1),Sales (operating income),Retail Trade and Accommodation,Current,Trend,
BDCQ.SF1GHCT,2016.12,22029.167,,R,Dollars,6,Business Data Collection - BDC,Industry by financial variable (NZSIOC Level 1),Sales (operating income),Retail Trade and Accommodation,Current,Trend,
BDCQ.SF1GHCT,2017.03,22481.972,,R,Dollars,6,Business Data Collection - BDC,Industry by financial variable (NZSIOC Level 1),Sales (operating income),Retail Trade and Accommodation,Current,Trend,
BDCQ.SF1GHCT,2017.06,22783.465,,R,Dollars,6,Business Data Collection - BDC,Industry by financial variable (NZSIOC Level 1),Sales (operating income),Retail Trade and Accommodation,Current,Trend,
BDCQ.SF1GHCT,2017.09,23038.355,,R,Dollars,6,Business Data Collection - BDC,Industry by financial variable (NZSIOC Level 1),Sales (operating income),Retail Trade and Accommodation,Current,Trend,
BDCQ.SF1GHCT,2017.12,23275.574,,R,Dollars,6,Business Data Collection - BDC,Industry by financial variable (NZSIOC Level 1),Sales (operating income),Retail Trade and Accommodation,Current,Trend,
BDCQ.SF1GHCT,2018.03,23431.162,,R,Dollars,6,Business Data Collection - BDC,Industry by financial variable (NZSIOC Level 1),Sales (operating income),Retail Trade and Accommodation,Current,Trend,
BDCQ.SF1GHCT,2018.06,23596.44,,R,Dollars,6,Business Data Collection - BDC,Industry by financial variable (NZSIOC Level 1),Sales (operating income),Retail Trade and Accommodation,Current,Trend,
BDCQ.SF1GHCT,2018.09,23904.819,,R,Dollars,6,Business Data Collection - BDC,Industry by financial variable (NZSIOC Level 1),Sales (operating income),Retail Trade and Accommodation,Current,Trend,
BDCQ.SF1GHCT,2018.12,24208.282,,R,Dollars,6,Business Data Collection - BDC,Industry by financial variable (NZSIOC Level 1),Sales (operating income),Retail Trade and Accommodation,Current,Trend,
BDCQ.SF1GHCT,2019.03,24350.647,,R,Dollars,6,Business Data Collection - BDC,Industry by financial variable (NZSIOC Level 1),Sales (operating income),Retail Trade and Accommodation,Current,Trend,
BDCQ.SF1GHCT,2019.06,24474.097,,R,Dollars,6,Business Data Collection - BDC,Industry by financial variable (NZSIOC Level 1),Sales (operating income),Retail Trade and Accommodation,Current,Trend,
BDCQ.SF1GHCT,2019.09,24798.422,,R,Dollars,6,Business Data Collection - BDC,Industry by financial variable (NZSIOC Level 1),Sales (operating income),Retail Trade and Accommodation,Current,Trend,
BDCQ.SF1GHCT,2019.12,24947.598,,R,Dollars,6,Business Data Collection - BDC,Industry by financial variable (NZSIOC Level 1),Sales (operating income),Retail Trade and Accommodation,Current,Trend,
BDCQ.SF1GHCT,2020.03,,,C,Dollars,6,Business Data Collection - BDC,Industry by financial variable (NZSIOC Level 1),Sales (operating income),Retail Trade and Accommodation,Current,Trend,
BDCQ.SF1GHCT,2020.06,,,C,Dollars,6,Business Data Collection - BDC,Industry by financial variable (NZSIOC Level 1),Sales (operating income),Retail Trade and Accommodation,Current,Trend,
BDCQ.SF1GHCT,2020.09,,,C,Dollars,6,Business Data Collection - BDC,Industry by financial variable (NZSIOC Level 1),Sales (operating income),Retail Trade and Accommodation,Current,Trend,
BDCQ.SF1GHCT,2020.12,,,C,Dollars,6,Business Data Collection - BDC,Industry by financial variable (NZSIOC Level 1),Sales (operating income),Retail Trade and Accommodation,Current,Trend,
BDCQ.SF1GHCT,2021.03,,,C,Dollars,6,Business Data Collection - BDC,Industry by financial variable (NZSIOC Level 1),Sales (operating income),Retail Trade and Accommodation,Current,Trend,
BDCQ.SF1GHCT,2021.06,,,C,Dollars,6,Business Data Collection - BDC,Industry by financial variable (NZSIOC Level 1),Sales (operating income),Retail Trade and Accommodation,Current,Trend,
BDCQ.SF1GHCT,2021.09,,,C,Dollars,6,Business Data Collection - BDC,Industry by financial variable (NZSIOC Level 1),Sales (operating income),Retail Trade and Accommodation,Current,Trend,
BDCQ.SF1II1CA,2016.06,7024.368,,F,Dollars,6,Business Data Collection - BDC,Industry by financial variable (NZSIOC Level 2),Sales (operating income),"Transport, Postal and Warehousing",Current prices,Unadjusted,
BDCQ.SF1II1CA,2016.09,7233.169,,F,Dollars,6,Business Data Collection - BDC,Industry by financial variable (NZSIOC Level 2),Sales (operating income),"Transport, Postal and Warehousing",Current prices,Unadjusted,
BDCQ.SF1II1CA,2016.12,7717.537,,F,Dollars,6,Business Data Collection - BDC,Industry by financial variable (NZSIOC Level 2),Sales (operating income),"Transport, Postal and Warehousing",Current prices,Unadjusted,
BDCQ.SF1II1CA,2017.03,7597.414,,F,Dollars,6,Business Data Collection - BDC,Industry by financial variable (NZSIOC Level 2),Sales (operating income),"Transport, Postal and Warehousing",Current prices,Unadjusted,
BDCQ.SF1II1CA,2017.06,7365.659,,F,Dollars,6,Business Data Collection - BDC,Industry by financial variable (NZSIOC Level 2),Sales (operating income),"Transport, Postal and Warehousing",Current prices,Unadjusted,
BDCQ.SF1II1CA,2017.09,7386.538,,F,Dollars,6,Business Data Collection - BDC,Industry by financial variable (NZSIOC Level 2),Sales (operating income),"Transport, Postal and Warehousing",Current prices,Unadjusted,
BDCQ.SF1II1CA,2017.12,8080.842,,F,Dollars,6,Business Data Collection - BDC,Industry by financial variable (NZSIOC Level 2),Sales (operating income),"Transport, Postal and Warehousing",Current prices,Unadjusted,
BDCQ.SF1II1CA,2018.03,8009.297,,F,Dollars,6,Business Data Collection - BDC,Industry by financial variable (NZSIOC Level 2),Sales (operating income),"Transport, Postal and Warehousing",Current prices,Unadjusted,
BDCQ.SF1II1CA,2018.06,7680.003,,F,Dollars,6,Business Data Collection - BDC,Industry by financial variable (NZSIOC Level 2),Sales (operating income),"Transport, Postal and Warehousing",Current prices,Unadjusted,
BDCQ.SF1II1CA,2018.09,7871.432,,F,Dollars,6,Business Data Collection - BDC,Industry by financial variable (NZSIOC Level 2),Sales (operating income),"Transport, Postal and Warehousing",Current prices,Unadjusted,
BDCQ.SF1II1CA,2018.12,8432.733,,F,Dollars,6,Business Data Collection - BDC,Industry by financial variable (NZSIOC Level 2),Sales (operating income),"Transport, Postal and Warehousing",Current prices,Unadjusted,
BDCQ.SF1II1CA,2019.03,8288.146,,F,Dollars,6,Business Data Collection - BDC,Industry by financial variable (NZSIOC Level 2),Sales (operating income),"Transport, Postal and Warehousing",Current prices,Unadjusted,
BDCQ.SF1II1CA,2019.06,8208.005,,F,Dollars,6,Business Data Collection - BDC,Industry by financial variable (NZSIOC Level 2),Sales (operating income),"Transport, Postal and Warehousing",Current prices,Unadjusted,
BDCQ.SF1II1CA,2019.09,8135.532,,F,Dollars,6,Business Data Collection - BDC,Industry by financial variable (NZSIOC Level 2),Sales (operating income),"Transport, Postal and Warehousing",Current prices,Unadjusted,
BDCQ.SF1II1CA,2019.12,8710.524,,F,Dollars,6,Business Data Collection - BDC,Industry by financial variable (NZSIOC Level 2),Sales (operating income),"Transport, Postal and Warehousing",Current prices,Unadjusted,
BDCQ.SF1II1CA,2020.03,7937.651,,F,Dollars,6,Business Data Collection - BDC,Industry by financial variable (NZSIOC Level 2),Sales (operating income),"Transport, Postal and Warehousing",Current prices,Unadjusted,
BDCQ.SF1II1CA,2020.06,5548.719,,F,Dollars,6,Business Data Collection - BDC,Industry by financial variable (NZSIOC Level 2),Sales (operating income),"Transport, Postal and Warehousing",Current prices,Unadjusted,
BDCQ.SF1II1CA,2020.09,6502.729,,F,Dollars,6,Business Data Collection - BDC,Industry by financial variable (NZSIOC Level 2),Sales (operating income),"Transport, Postal and Warehousing",Current prices,Unadjusted,
BDCQ.SF1II1CA,2020.12,7107.32,,F,Dollars,6,Business Data Collection - BDC,Industry by financial variable (NZSIOC Level 2),Sales (operating income),"Transport, Postal and Warehousing",Current prices,Unadjusted,
BDCQ.SF1II1CA,2021.03,6958.335,,F,Dollars,6,Business Data Collection - BDC,Industry by financial variable (NZSIOC Level 2),Sales (operating income),"Transport, Postal and Warehousing",Current prices,Unadjusted,
BDCQ.SF1II1CA,2021.06,7677.735,,F,Dollars,6,Business Data Collection - BDC,Industry by financial variable (NZSIOC Level 2),Sales (operating income),"Transport, Postal and Warehousing",Current prices,Unadjusted,
BDCQ.SF1II1CA,2021.09,7622.309,,F,Dollars,6,Business Data Collection - BDC,Industry by financial variable (NZSIOC Level 2),Sales (operating income),"Transport, Postal and Warehousing",Current prices,Unadjusted,
BDCQ.SF1II1CS,2016.06,7196.376,,R,Dollars,6,Business Data Collection - BDC,Industry by financial variable (NZSIOC Level 2),Sales (operating income),"Transport, Postal and Warehousing",Current prices,Seasonally adjusted,
BDCQ.SF1II1CS,2016.09,7424.546,,R,Dollars,6,Business Data Collection - BDC,Industry by financial variable (NZSIOC Level 2),Sales (operating income),"Transport, Postal and Warehousing",Current prices,Seasonally adjusted,
BDCQ.SF1II1CS,2016.12,7424.686,,R,Dollars,6,Business Data Collection - BDC,Industry by financial variable (NZSIOC Level 2),Sales (operating income),"Transport, Postal and Warehousing",Current prices,Seasonally adjusted,
BDCQ.SF1II1CS,2017.03,7518.735,,R,Dollars,6,Business Data Collection - BDC,Industry by financial variable (NZSIOC Level 2),Sales (operating income),"Transport, Postal and Warehousing",Current prices,Seasonally adjusted,
BDCQ.SF1II1CS,2017.06,7565.275,,R,Dollars,6,Business Data Collection - BDC,Industry by financial variable (NZSIOC Level 2),Sales (operating income),"Transport, Postal and Warehousing",Current prices,Seasonally adjusted,
BDCQ.SF1II1CS,2017.09,7564.112,,R,Dollars,6,Business Data Collection - BDC,Industry by financial variable (NZSIOC Level 2),Sales (operating income),"Transport, Postal and Warehousing",Current prices,Seasonally adjusted,
BDCQ.SF1II1CS,2017.12,7754.089,,R,Dollars,6,Business Data Collection - BDC,Industry by financial variable (NZSIOC Level 2),Sales (operating income),"Transport, Postal and Warehousing",Current prices,Seasonally adjusted,
BDCQ.SF1II1CS,2018.03,7956.967,,R,Dollars,6,Business Data Collection - BDC,Industry by financial variable (NZSIOC Level 2),Sales (operating income),"Transport, Postal and Warehousing",Current prices,Seasonally adjusted,
BDCQ.SF1II1CS,2018.06,7888.809,,R,Dollars,6,Business Data Collection - BDC,Industry by financial variable (NZSIOC Level 2),Sales (operating income),"Transport, Postal and Warehousing",Current prices,Seasonally adjusted,
BDCQ.SF1II1CS,2018.09,8054.424,,R,Dollars,6,Business Data Collection - BDC,Industry by financial variable (NZSIOC Level 2),Sales (operating income),"Transport, Postal and Warehousing",Current prices,Seasonally adjusted,
BDCQ.SF1II1CS,2018.12,8061.741,,R,Dollars,6,Business Data Collection - BDC,Industry by financial variable (NZSIOC Level 2),Sales (operating income),"Transport, Postal and Warehousing",Current prices,Seasonally adjusted,
BDCQ.SF1II1CS,2019.03,8277.68,,R,Dollars,6,Business Data Collection - BDC,Industry by financial variable (NZSIOC Level 2),Sales (operating income),"Transport, Postal and Warehousing",Current prices,Seasonally adjusted,
BDCQ.SF1II1CS,2019.06,8421.806,,R,Dollars,6,Business Data Collection - BDC,Industry by financial variable (NZSIOC Level 2),Sales (operating income),"Transport, Postal and Warehousing",Current prices,Seasonally adjusted,
BDCQ.SF1II1CS,2019.09,8321.149,,R,Dollars,6,Business Data Collection - BDC,Industry by financial variable (NZSIOC Level 2),Sales (operating income),"Transport, Postal and Warehousing",Current prices,Seasonally adjusted,
BDCQ.SF1II1CS,2019.12,8298.249,,R,Dollars,6,Business Data Collection - BDC,Industry by financial variable (NZSIOC Level 2),Sales (operating income),"Transport, Postal and Warehousing",Current prices,Seasonally adjusted,
BDCQ.SF1II1CS,2020.03,7970.249,,R,Dollars,6,Business Data Collection - BDC,Industry by financial variable (NZSIOC Level 2),Sales (operating income),"Transport, Postal and Warehousing",Current prices,Seasonally adjusted,
BDCQ.SF1II1CS,2020.06,5684.368,,R,Dollars,6,Business Data Collection - BDC,Industry by financial variable (NZSIOC Level 2),Sales (operating income),"Transport, Postal and Warehousing",Current prices,Seasonally adjusted,
BDCQ.SF1II1CS,2020.09,6648.444,,R,Dollars,6,Business Data Collection - BDC,Industry by financial variable (NZSIOC Level 2),Sales (operating income),"Transport, Postal and Warehousing",Current prices,Seasonally adjusted,
BDCQ.SF1II1CS,2020.12,6752.929,,R,Dollars,6,Business Data Collection - BDC,Industry by financial variable (NZSIOC Level 2),Sales (operating income),"Transport, Postal and Warehousing",Current prices,Seasonally adjusted,
BDCQ.SF1II1CS,2021.03,7016.717,,R,Dollars,6,Business Data Collection - BDC,Industry by financial variable (NZSIOC Level 2),Sales (operating income),"Transport, Postal and Warehousing",Current prices,Seasonally adjusted,
BDCQ.SF1II1CS,2021.06,7857.911,,R,Dollars,6,Business Data Collection - BDC,Industry by financial variable (NZSIOC Level 2),Sales (operating income),"Transport, Postal and Warehousing",Current prices,Seasonally adjusted,
BDCQ.SF1II1CS,2021.09,7786.369,,F,Dollars,6,Business Data Collection - BDC,Industry by financial variable (NZSIOC Level 2),Sales (operating income),"Transport, Postal and Warehousing",Current prices,Seasonally adjusted,
BDCQ.SF1II1CT,2016.06,7235.268,,R,Dollars,6,Business Data Collection - BDC,Industry by financial variable (NZSIOC Level 2),Sales (operating income),"Transport, Postal and Warehousing",Current prices,Trend,
BDCQ.SF1II1CT,2016.09,7372.21,,R,Dollars,6,Business Data Collection - BDC,Industry by financial variable (NZSIOC Level 2),Sales (operating income),"Transport, Postal and Warehousing",Current prices,Trend,
BDCQ.SF1II1CT,2016.12,7458.709,,R,Dollars,6,Business Data Collection - BDC,Industry by financial variable (NZSIOC Level 2),Sales (operating income),"Transport, Postal and Warehousing",Current prices,Trend,
BDCQ.SF1II1CT,2017.03,7508.365,,R,Dollars,6,Business Data Collection - BDC,Industry by financial variable (NZSIOC Level 2),Sales (operating income),"Transport, Postal and Warehousing",Current prices,Trend,
BDCQ.SF1II1CT,2017.06,7547.723,,R,Dollars,6,Business Data Collection - BDC,Industry by financial variable (NZSIOC Level 2),Sales (operating income),"Transport, Postal and Warehousing",Current prices,Trend,
BDCQ.SF1II1CT,2017.09,7594.737,,R,Dollars,6,Business Data Collection - BDC,Industry by financial variable (NZSIOC Level 2),Sales (operating income),"Transport, Postal and Warehousing",Current prices,Trend,
BDCQ.SF1II1CT,2017.12,7761.85,,R,Dollars,6,Business Data Collection - BDC,Industry by financial variable (NZSIOC Level 2),Sales (operating income),"Transport, Postal and Warehousing",Current prices,Trend,
BDCQ.SF1II1CT,2018.03,7899.052,,R,Dollars,6,Business Data Collection - BDC,Industry by financial variable (NZSIOC Level 2),Sales (operating income),"Transport, Postal and Warehousing",Current prices,Trend,
BDCQ.SF1II1CT,2018.06,7954.664,,R,Dollars,6,Business Data Collection - BDC,Industry by financial variable (NZSIOC Level 2),Sales (operating income),"Transport, Postal and Warehousing",Current prices,Trend,
BDCQ.SF1II1CT,2018.09,7998.694,,R,Dollars,6,Business Data Collection - BDC,Industry by financial variable (NZSIOC Level 2),Sales (operating income),"Transport, Postal and Warehousing",Current prices,Trend,
BDCQ.SF1II1CT,2018.12,8109.274,,R,Dollars,6,Business Data Collection - BDC,Industry by financial variable (NZSIOC Level 2),Sales (operating income),"Transport, Postal and Warehousing",Current prices,Trend,
BDCQ.SF1II1CT,2019.03,8269.789,,R,Dollars,6,Business Data Collection - BDC,Industry by financial variable (NZSIOC Level 2),Sales (operating income),"Transport, Postal and Warehousing",Current prices,Trend,
BDCQ.SF1II1CT,2019.06,8385.423,,R,Dollars,6,Business Data Collection - BDC,Industry by financial variable (NZSIOC Level 2),Sales (operating income),"Transport, Postal and Warehousing",Current prices,Trend,
BDCQ.SF1II1CT,2019.09,8372.944,,R,Dollars,6,Business Data Collection - BDC,Industry by financial variable (NZSIOC Level 2),Sales (operating income),"Transport, Postal and Warehousing",Current prices,Trend,
BDCQ.SF1II1CT,2019.12,8236.702,,R,Dollars,6,Business Data Collection - BDC,Industry by financial variable (NZSIOC Level 2),Sales (operating income),"Transport, Postal and Warehousing",Current prices,Trend,
BDCQ.SF1II1CT,2020.03,8019.017,,R,Dollars,6,Business Data Collection - BDC,Industry by financial variable (NZSIOC Level 2),Sales (operating income),"Transport, Postal and Warehousing",Current prices,Trend,
BDCQ.SF1II1CT,2020.06,7773.085,,R,Dollars,6,Business Data Collection - BDC,Industry by financial variable (NZSIOC Level 2),Sales (operating income),"Transport, Postal and Warehousing",Current prices,Trend,
BDCQ.SF1II1CT,2020.09,7564.513,,R,Dollars,6,Business Data Collection - BDC,Industry by financial variable (NZSIOC Level 2),Sales (operating income),"Transport, Postal and Warehousing",Current prices,Trend,
BDCQ.SF1II1CT,2020.12,7295.151,,R,Dollars,6,Business Data Collection - BDC,Industry by financial variable (NZSIOC Level 2),Sales (operating income),"Transport, Postal and Warehousing",Current prices,Trend,
BDCQ.SF1II1CT,2021.03,7049.353,,R,Dollars,6,Business Data Collection - BDC,Industry by financial variable (NZSIOC Level 2),Sales (operating income),"Transport, Postal and Warehousing",Current prices,Trend,
BDCQ.SF1II1CT,2021.06,6877.135,,R,Dollars,6,Business Data Collection - BDC,Industry by financial variable (NZSIOC Level 2),Sales (operating income),"Transport, Postal and Warehousing",Current prices,Trend,
BDCQ.SF1II1CT,2021.09,6744.311,,F,Dollars,6,Business Data Collection - BDC,Industry by financial variable (NZSIOC Level 2),Sales (operating income),"Transport, Postal and Warehousing",Current prices,Trend,
BDCQ.SF1IICA,2016.06,7024.368,,F,Dollars,6,Business Data Collection - BDC,Industry by financial variable (NZSIOC Level 1),Sales (operating income),"Transport, Postal and Warehousing",Current,Unadjusted,
BDCQ.SF1IICA,2016.09,7233.169,,F,Dollars,6,Business Data Collection - BDC,Industry by financial variable (NZSIOC Level 1),Sales (operating income),"Transport, Postal and Warehousing",Current,Unadjusted,
BDCQ.SF1IICA,2016.12,7717.537,,F,Dollars,6,Business Data Collection - BDC,Industry by financial variable (NZSIOC Level 1),Sales (operating income),"Transport, Postal and Warehousing",Current,Unadjusted,
BDCQ.SF1IICA,2017.03,7597.414,,F,Dollars,6,Business Data Collection - BDC,Industry by financial variable (NZSIOC Level 1),Sales (operating income),"Transport, Postal and Warehousing",Current,Unadjusted,
BDCQ.SF1IICA,2017.06,7365.659,,F,Dollars,6,Business Data Collection - BDC,Industry by financial variable (NZSIOC Level 1),Sales (operating income),"Transport, Postal and Warehousing",Current,Unadjusted,
BDCQ.SF1IICA,2017.09,7386.538,,F,Dollars,6,Business Data Collection - BDC,Industry by financial variable (NZSIOC Level 1),Sales (operating income),"Transport, Postal and Warehousing",Current,Unadjusted,
BDCQ.SF1IICA,2017.12,8080.842,,F,Dollars,6,Business Data Collection - BDC,Industry by financial variable (NZSIOC Level 1),Sales (operating income),"Transport, Postal and Warehousing",Current,Unadjusted,
BDCQ.SF1IICA,2018.03,8009.297,,F,Dollars,6,Business Data Collection - BDC,Industry by financial variable (NZSIOC Level 1),Sales (operating income),"Transport, Postal and Warehousing",Current,Unadjusted,
BDCQ.SF1IICA,2018.06,7680.003,,F,Dollars,6,Business Data Collection - BDC,Industry by financial variable (NZSIOC Level 1),Sales (operating income),"Transport, Postal and Warehousing",Current,Unadjusted,
BDCQ.SF1IICA,2018.09,7871.432,,F,Dollars,6,Business Data Collection - BDC,Industry by financial variable (NZSIOC Level 1),Sales (operating income),"Transport, Postal and Warehousing",Current,Unadjusted,
BDCQ.SF1IICA,2018.12,8432.733,,F,Dollars,6,Business Data Collection - BDC,Industry by financial variable (NZSIOC Level 1),Sales (operating income),"Transport, Postal and Warehousing",Current,Unadjusted,
BDCQ.SF1IICA,2019.03,8288.146,,F,Dollars,6,Business Data Collection - BDC,Industry by financial variable (NZSIOC Level 1),Sales (operating income),"Transport, Postal and Warehousing",Current,Unadjusted,
BDCQ.SF1IICA,2019.06,8208.005,,F,Dollars,6,Business Data Collection - BDC,Industry by financial variable (NZSIOC Level 1),Sales (operating income),"Transport, Postal and Warehousing",Current,Unadjusted,
BDCQ.SF1IICA,2019.09,8135.532,,F,Dollars,6,Business Data Collection - BDC,Industry by financial variable (NZSIOC Level 1),Sales (operating income),"Transport, Postal and Warehousing",Current,Unadjusted,
BDCQ.SF1IICA,2019.12,8710.524,,F,Dollars,6,Business Data Collection - BDC,Industry by financial variable (NZSIOC Level 1),Sales (operating income),"Transport, Postal and Warehousing",Current,Unadjusted,
BDCQ.SF1IICA,2020.03,7937.651,,F,Dollars,6,Business Data Collection - BDC,Industry by financial variable (NZSIOC Level 1),Sales (operating income),"Transport, Postal and Warehousing",Current,Unadjusted,
BDCQ.SF1IICA,2020.06,5548.719,,F,Dollars,6,Business Data Collection - BDC,Industry by financial variable (NZSIOC Level 1),Sales (operating income),"Transport, Postal and Warehousing",Current,Unadjusted,
BDCQ.SF1IICA,2020.09,6502.729,,F,Dollars,6,Business Data Collection - BDC,Industry by financial variable (NZSIOC Level 1),Sales (operating income),"Transport, Postal and Warehousing",Current,Unadjusted,
BDCQ.SF1IICA,2020.12,7107.32,,F,Dollars,6,Business Data Collection - BDC,Industry by financial variable (NZSIOC Level 1),Sales (operating income),"Transport, Postal and Warehousing",Current,Unadjusted,
BDCQ.SF1IICA,2021.03,6958.335,,F,Dollars,6,Business Data Collection - BDC,Industry by financial variable (NZSIOC Level 1),Sales (operating income),"Transport, Postal and Warehousing",Current,Unadjusted,
BDCQ.SF1IICA,2021.06,7677.735,,F,Dollars,6,Business Data Collection - BDC,Industry by financial variable (NZSIOC Level 1),Sales (operating income),"Transport, Postal and Warehousing",Current,Unadjusted,
BDCQ.SF1IICA,2021.09,7622.309,,F,Dollars,6,Business Data Collection - BDC,Industry by financial variable (NZSIOC Level 1),Sales (operating income),"Transport, Postal and Warehousing",Current,Unadjusted,
BDCQ.SF1IICS,2016.06,7196.376,,R,Dollars,6,Business Data Collection - BDC,Industry by financial variable (NZSIOC Level 1),Sales (operating income),"Transport, Postal and Warehousing",Current,Seasonally adjusted,
BDCQ.SF1IICS,2016.09,7424.546,,R,Dollars,6,Business Data Collection - BDC,Industry by financial variable (NZSIOC Level 1),Sales (operating income),"Transport, Postal and Warehousing",Current,Seasonally adjusted,
BDCQ.SF1IICS,2016.12,7424.686,,R,Dollars,6,Business Data Collection - BDC,Industry by financial variable (NZSIOC Level 1),Sales (operating income),"Transport, Postal and Warehousing",Current,Seasonally adjusted,
BDCQ.SF1IICS,2017.03,7518.735,,R,Dollars,6,Business Data Collection - BDC,Industry by financial variable (NZSIOC Level 1),Sales (operating income),"Transport, Postal and Warehousing",Current,Seasonally adjusted,
BDCQ.SF1IICS,2017.06,7565.275,,R,Dollars,6,Business Data Collection - BDC,Industry by financial variable (NZSIOC Level 1),Sales (operating income),"Transport, Postal and Warehousing",Current,Seasonally adjusted,
BDCQ.SF1IICS,2017.09,7564.112,,R,Dollars,6,Business Data Collection - BDC,Industry by financial variable (NZSIOC Level 1),Sales (operating income),"Transport, Postal and Warehousing",Current,Seasonally adjusted,
BDCQ.SF1IICS,2017.12,7754.089,,R,Dollars,6,Business Data Collection - BDC,Industry by financial variable (NZSIOC Level 1),Sales (operating income),"Transport, Postal and Warehousing",Current,Seasonally adjusted,
BDCQ.SF1IICS,2018.03,7956.967,,R,Dollars,6,Business Data Collection - BDC,Industry by financial variable (NZSIOC Level 1),Sales (operating income),"Transport, Postal and Warehousing",Current,Seasonally adjusted,
BDCQ.SF1IICS,2018.06,7888.809,,R,Dollars,6,Business Data Collection - BDC,Industry by financial variable (NZSIOC Level 1),Sales (operating income),"Transport, Postal and Warehousing",Current,Seasonally adjusted,
BDCQ.SF1IICS,2018.09,8054.424,,R,Dollars,6,Business Data Collection - BDC,Industry by financial variable (NZSIOC Level 1),Sales (operating income),"Transport, Postal and Warehousing",Current,Seasonally adjusted,
BDCQ.SF1IICS,2018.12,8061.741,,R,Dollars,6,Business Data Collection - BDC,Industry by financial variable (NZSIOC Level 1),Sales (operating income),"Transport, Postal and Warehousing",Current,Seasonally adjusted,
BDCQ.SF1IICS,2019.03,8277.68,,R,Dollars,6,Business Data Collection - BDC,Industry by financial variable (NZSIOC Level 1),Sales (operating income),"Transport, Postal and Warehousing",Current,Seasonally adjusted,
BDCQ.SF1IICS,2019.06,8421.806,,R,Dollars,6,Business Data Collection - BDC,Industry by financial variable (NZSIOC Level 1),Sales (operating income),"Transport, Postal and Warehousing",Current,Seasonally adjusted,
BDCQ.SF1IICS,2019.09,8321.149,,R,Dollars,6,Business Data Collection - BDC,Industry by financial variable (NZSIOC Level 1),Sales (operating income),"Transport, Postal and Warehousing",Current,Seasonally adjusted,
BDCQ.SF1IICS,2019.12,8298.249,,R,Dollars,6,Business Data Collection - BDC,Industry by financial variable (NZSIOC Level 1),Sales (operating income),"Transport, Postal and Warehousing",Current,Seasonally adjusted,
BDCQ.SF1IICS,2020.03,7970.249,,R,Dollars,6,Business Data Collection - BDC,Industry by financial variable (NZSIOC Level 1),Sales (operating income),"Transport, Postal and Warehousing",Current,Seasonally adjusted,
BDCQ.SF1IICS,2020.06,5684.368,,R,Dollars,6,Business Data Collection - BDC,Industry by financial variable (NZSIOC Level 1),Sales (operating income),"Transport, Postal and Warehousing",Current,Seasonally adjusted,
BDCQ.SF1IICS,2020.09,6648.444,,R,Dollars,6,Business Data Collection - BDC,Industry by financial variable (NZSIOC Level 1),Sales (operating income),"Transport, Postal and Warehousing",Current,Seasonally adjusted,
BDCQ.SF1IICS,2020.12,6752.929,,R,Dollars,6,Business Data Collection - BDC,Industry by financial variable (NZSIOC Level 1),Sales (operating income),"Transport, Postal and Warehousing",Current,Seasonally adjusted,
BDCQ.SF1IICS,2021.03,7016.717,,R,Dollars,6,Business Data Collection - BDC,Industry by financial variable (NZSIOC Level 1),Sales (operating income),"Transport, Postal and Warehousing",Current,Seasonally adjusted,
BDCQ.SF1IICS,2021.06,7857.911,,R,Dollars,6,Business Data Collection - BDC,Industry by financial variable (NZSIOC Level 1),Sales (operating income),"Transport, Postal and Warehousing",Current,Seasonally adjusted,
BDCQ.SF1IICS,2021.09,7786.369,,F,Dollars,6,Business Data Collection - BDC,Industry by financial variable (NZSIOC Level 1),Sales (operating income),"Transport, Postal and Warehousing",Current,Seasonally adjusted,
BDCQ.SF1IICT,2016.06,7235.268,,R,Dollars,6,Business Data Collection - BDC,Industry by financial variable (NZSIOC Level 1),Sales (operating income),"Transport, Postal and Warehousing",Current,Trend,
BDCQ.SF1IICT,2016.09,7372.21,,R,Dollars,6,Business Data Collection - BDC,Industry by financial variable (NZSIOC Level 1),Sales (operating income),"Transport, Postal and Warehousing",Current,Trend,
BDCQ.SF1IICT,2016.12,7458.709,,R,Dollars,6,Business Data Collection - BDC,Industry by financial variable (NZSIOC Level 1),Sales (operating income),"Transport, Postal and Warehousing",Current,Trend,
BDCQ.SF1IICT,2017.03,7508.365,,R,Dollars,6,Business Data Collection - BDC,Industry by financial variable (NZSIOC Level 1),Sales (operating income),"Transport, Postal and Warehousing",Current,Trend,
BDCQ.SF1IICT,2017.06,7547.723,,R,Dollars,6,Business Data Collection - BDC,Industry by financial variable (NZSIOC Level 1),Sales (operating income),"Transport, Postal and Warehousing",Current,Trend,
BDCQ.SF1IICT,2017.09,7594.737,,R,Dollars,6,Business Data Collection - BDC,Industry by financial variable (NZSIOC Level 1),Sales (operating income),"Transport, Postal and Warehousing",Current,Trend,
BDCQ.SF1IICT,2017.12,7761.85,,R,Dollars,6,Business Data Collection - BDC,Industry by financial variable (NZSIOC Level 1),Sales (operating income),"Transport, Postal and Warehousing",Current,Trend,
BDCQ.SF1IICT,2018.03,7899.052,,R,Dollars,6,Business Data Collection - BDC,Industry by financial variable (NZSIOC Level 1),Sales (operating income),"Transport, Postal and Warehousing",Current,Trend,
BDCQ.SF1IICT,2018.06,7954.664,,R,Dollars,6,Business Data Collection - BDC,Industry by financial variable (NZSIOC Level 1),Sales (operating income),"Transport, Postal and Warehousing",Current,Trend,
BDCQ.SF1IICT,2018.09,7998.694,,R,Dollars,6,Business Data Collection - BDC,Industry by financial variable (NZSIOC Level 1),Sales (operating income),"Transport, Postal and Warehousing",Current,Trend,
BDCQ.SF1IICT,2018.12,8109.274,,R,Dollars,6,Business Data Collection - BDC,Industry by financial variable (NZSIOC Level 1),Sales (operating income),"Transport, Postal and Warehousing",Current,Trend,
BDCQ.SF1IICT,2019.03,8269.789,,R,Dollars,6,Business Data Collection - BDC,Industry by financial variable (NZSIOC Level 1),Sales (operating income),"Transport, Postal and Warehousing",Current,Trend,
BDCQ.SF1IICT,2019.06,8385.423,,R,Dollars,6,Business Data Collection - BDC,Industry by financial variable (NZSIOC Level 1),Sales (operating income),"Transport, Postal and Warehousing",Current,Trend,
BDCQ.SF1IICT,2019.09,8372.944,,R,Dollars,6,Business Data Collection - BDC,Industry by financial variable (NZSIOC Level 1),Sales (operating income),"Transport, Postal and Warehousing",Current,Trend,
BDCQ.SF1IICT,2019.12,8236.702,,R,Dollars,6,Business Data Collection - BDC,Industry by financial variable (NZSIOC Level 1),Sales (operating income),"Transport, Postal and Warehousing",Current,Trend,
BDCQ.SF1IICT,2020.03,8019.017,,R,Dollars,6,Business Data Collection - BDC,Industry by financial variable (NZSIOC Level 1),Sales (operating income),"Transport, Postal and Warehousing",Current,Trend,
BDCQ.SF1IICT,2020.06,,Y,C,Dollars,6,Business Data Collection - BDC,Industry by financial variable (NZSIOC Level 1),Sales (operating income),"Transport, Postal and Warehousing",Current,Trend,
BDCQ.SF1IICT,2020.09,,Y,C,Dollars,6,Business Data Collection - BDC,Industry by financial variable (NZSIOC Level 1),Sales (operating income),"Transport, Postal and Warehousing",Current,Trend,
BDCQ.SF1IICT,2020.12,,Y,C,Dollars,6,Business Data Collection - BDC,Industry by financial variable (NZSIOC Level 1),Sales (operating income),"Transport, Postal and Warehousing",Current,Trend,
BDCQ.SF1IICT,2021.03,,Y,C,Dollars,6,Business Data Collection - BDC,Industry by financial variable (NZSIOC Level 1),Sales (operating income),"Transport, Postal and Warehousing",Current,Trend,
BDCQ.SF1IICT,2021.06,,Y,C,Dollars,6,Business Data Collection - BDC,Industry by financial variable (NZSIOC Level 1),Sales (operating income),"Transport, Postal and Warehousing",Current,Trend,
BDCQ.SF1IICT,2021.09,,Y,C,Dollars,6,Business Data Collection - BDC,Industry by financial variable (NZSIOC Level 1),Sales (operating income),"Transport, Postal and Warehousing",Current,Trend,
BDCQ.SF1JJ1CA,2016.06,3497.474,,F,Dollars,6,Business Data Collection - BDC,Industry by financial variable (NZSIOC Level 2),Sales (operating income),Information Media and Telecommunications,Current prices,Unadjusted,
BDCQ.SF1JJ1CA,2016.09,3686.892,,F,Dollars,6,Business Data Collection - BDC,Industry by financial variable (NZSIOC Level 2),Sales (operating income),Information Media and Telecommunications,Current prices,Unadjusted,
BDCQ.SF1JJ1CA,2016.12,3726.496,,F,Dollars,6,Business Data Collection - BDC,Industry by financial variable (NZSIOC Level 2),Sales (operating income),Information Media and Telecommunications,Current prices,Unadjusted,
BDCQ.SF1JJ1CA,2017.03,3646.739,,F,Dollars,6,Business Data Collection - BDC,Industry by financial variable (NZSIOC Level 2),Sales (operating income),Information Media and Telecommunications,Current prices,Unadjusted,
BDCQ.SF1JJ1CA,2017.06,3605.416,,F,Dollars,6,Business Data Collection - BDC,Industry by financial variable (NZSIOC Level 2),Sales (operating income),Information Media and Telecommunications,Current prices,Unadjusted,
BDCQ.SF1JJ1CA,2017.09,3742.768,,F,Dollars,6,Business Data Collection - BDC,Industry by financial variable (NZSIOC Level 2),Sales (operating income),Information Media and Telecommunications,Current prices,Unadjusted,
BDCQ.SF1JJ1CA,2017.12,3687.847,,F,Dollars,6,Business Data Collection - BDC,Industry by financial variable (NZSIOC Level 2),Sales (operating income),Information Media and Telecommunications,Current prices,Unadjusted,
BDCQ.SF1JJ1CA,2018.03,3637.454,,F,Dollars,6,Business Data Collection - BDC,Industry by financial variable (NZSIOC Level 2),Sales (operating income),Information Media and Telecommunications,Current prices,Unadjusted,
BDCQ.SF1JJ1CA,2018.06,3706.952,,F,Dollars,6,Business Data Collection - BDC,Industry by financial variable (NZSIOC Level 2),Sales (operating income),Information Media and Telecommunications,Current prices,Unadjusted,
BDCQ.SF1JJ1CA,2018.09,3741.137,,F,Dollars,6,Business Data Collection - BDC,Industry by financial variable (NZSIOC Level 2),Sales (operating income),Information Media and Telecommunications,Current prices,Unadjusted,
BDCQ.SF1JJ1CA,2018.12,3752.926,,F,Dollars,6,Business Data Collection - BDC,Industry by financial variable (NZSIOC Level 2),Sales (operating income),Information Media and Telecommunications,Current prices,Unadjusted,
BDCQ.SF1JJ1CA,2019.03,3670.674,,F,Dollars,6,Business Data Collection - BDC,Industry by financial variable (NZSIOC Level 2),Sales (operating income),Information Media and Telecommunications,Current prices,Unadjusted,
BDCQ.SF1JJ1CA,2019.06,3830.499,,F,Dollars,6,Business Data Collection - BDC,Industry by financial variable (NZSIOC Level 2),Sales (operating income),Information Media and Telecommunications,Current prices,Unadjusted,
BDCQ.SF1JJ1CA,2019.09,3728.969,,F,Dollars,6,Business Data Collection - BDC,Industry by financial variable (NZSIOC Level 2),Sales (operating income),Information Media and Telecommunications,Current prices,Unadjusted,
BDCQ.SF1JJ1CA,2019.12,4045.656,,F,Dollars,6,Business Data Collection - BDC,Industry by financial variable (NZSIOC Level 2),Sales (operating income),Information Media and Telecommunications,Current prices,Unadjusted,
BDCQ.SF1JJ1CA,2020.03,3724.404,,F,Dollars,6,Business Data Collection - BDC,Industry by financial variable (NZSIOC Level 2),Sales (operating income),Information Media and Telecommunications,Current prices,Unadjusted,
BDCQ.SF1JJ1CA,2020.06,3515.44,,F,Dollars,6,Business Data Collection - BDC,Industry by financial variable (NZSIOC Level 2),Sales (operating income),Information Media and Telecommunications,Current prices,Unadjusted,
BDCQ.SF1JJ1CA,2020.09,3713.045,,F,Dollars,6,Business Data Collection - BDC,Industry by financial variable (NZSIOC Level 2),Sales (operating income),Information Media and Telecommunications,Current prices,Unadjusted,
BDCQ.SF1JJ1CA,2020.12,4000.303,,F,Dollars,6,Business Data Collection - BDC,Industry by financial variable (NZSIOC Level 2),Sales (operating income),Information Media and Telecommunications,Current prices,Unadjusted,
BDCQ.SF1JJ1CA,2021.03,3794.209,,F,Dollars,6,Business Data Collection - BDC,Industry by financial variable (NZSIOC Level 2),Sales (operating income),Information Media and Telecommunications,Current prices,Unadjusted,
BDCQ.SF1JJ1CA,2021.06,4041.381,,F,Dollars,6,Business Data Collection - BDC,Industry by financial variable (NZSIOC Level 2),Sales (operating income),Information Media and Telecommunications,Current prices,Unadjusted,
BDCQ.SF1JJ1CA,2021.09,3953.567,,F,Dollars,6,Business Data Collection - BDC,Industry by financial variable (NZSIOC Level 2),Sales (operating income),Information Media and Telecommunications,Current prices,Unadjusted,
BDCQ.SF1JJ1CS,2016.06,3497.474,,R,Dollars,6,Business Data Collection - BDC,Industry by financial variable (NZSIOC Level 2),Sales (operating income),Information Media and Telecommunications,Current prices,Seasonally adjusted,
BDCQ.SF1JJ1CS,2016.09,3686.892,,R,Dollars,6,Business Data Collection - BDC,Industry by financial variable (NZSIOC Level 2),Sales (operating income),Information Media and Telecommunications,Current prices,Seasonally adjusted,
BDCQ.SF1JJ1CS,2016.12,3726.496,,R,Dollars,6,Business Data Collection - BDC,Industry by financial variable (NZSIOC Level 2),Sales (operating income),Information Media and Telecommunications,Current prices,Seasonally adjusted,
BDCQ.SF1JJ1CS,2017.03,3646.739,,R,Dollars,6,Business Data Collection - BDC,Industry by financial variable (NZSIOC Level 2),Sales (operating income),Information Media and Telecommunications,Current prices,Seasonally adjusted,
BDCQ.SF1JJ1CS,2017.06,3605.416,,R,Dollars,6,Business Data Collection - BDC,Industry by financial variable (NZSIOC Level 2),Sales (operating income),Information Media and Telecommunications,Current prices,Seasonally adjusted,
BDCQ.SF1JJ1CS,2017.09,3742.768,,R,Dollars,6,Business Data Collection - BDC,Industry by financial variable (NZSIOC Level 2),Sales (operating income),Information Media and Telecommunications,Current prices,Seasonally adjusted,
BDCQ.SF1JJ1CS,2017.12,3687.847,,R,Dollars,6,Business Data Collection - BDC,Industry by financial variable (NZSIOC Level 2),Sales (operating income),Information Media and Telecommunications,Current prices,Seasonally adjusted,
BDCQ.SF1JJ1CS,2018.03,3637.454,,R,Dollars,6,Business Data Collection - BDC,Industry by financial variable (NZSIOC Level 2),Sales (operating income),Information Media and Telecommunications,Current prices,Seasonally adjusted,
BDCQ.SF1JJ1CS,2018.06,3706.952,,R,Dollars,6,Business Data Collection - BDC,Industry by financial variable (NZSIOC Level 2),Sales (operating income),Information Media and Telecommunications,Current prices,Seasonally adjusted,
BDCQ.SF1JJ1CS,2018.09,3741.137,,R,Dollars,6,Business Data Collection - BDC,Industry by financial variable (NZSIOC Level 2),Sales (operating income),Information Media and Telecommunications,Current prices,Seasonally adjusted,
BDCQ.SF1JJ1CS,2018.12,3752.926,,R,Dollars,6,Business Data Collection - BDC,Industry by financial variable (NZSIOC Level 2),Sales (operating income),Information Media and Telecommunications,Current prices,Seasonally adjusted,
BDCQ.SF1JJ1CS,2019.03,3670.674,,R,Dollars,6,Business Data Collection - BDC,Industry by financial variable (NZSIOC Level 2),Sales (operating income),Information Media and Telecommunications,Current prices,Seasonally adjusted,
BDCQ.SF1JJ1CS,2019.06,3830.499,,R,Dollars,6,Business Data Collection - BDC,Industry by financial variable (NZSIOC Level 2),Sales (operating income),Information Media and Telecommunications,Current prices,Seasonally adjusted,
BDCQ.SF1JJ1CS,2019.09,3728.969,,R,Dollars,6,Business Data Collection - BDC,Industry by financial variable (NZSIOC Level 2),Sales (operating income),Information Media and Telecommunications,Current prices,Seasonally adjusted,
BDCQ.SF1JJ1CS,2019.12,4045.656,,R,Dollars,6,Business Data Collection - BDC,Industry by financial variable (NZSIOC Level 2),Sales (operating income),Information Media and Telecommunications,Current prices,Seasonally adjusted,
BDCQ.SF1JJ1CS,2020.03,3724.404,,R,Dollars,6,Business Data Collection - BDC,Industry by financial variable (NZSIOC Level 2),Sales (operating income),Information Media and Telecommunications,Current prices,Seasonally adjusted,
BDCQ.SF1JJ1CS,2020.06,3515.44,,R,Dollars,6,Business Data Collection - BDC,Industry by financial variable (NZSIOC Level 2),Sales (operating income),Information Media and Telecommunications,Current prices,Seasonally adjusted,
BDCQ.SF1JJ1CS,2020.09,3713.045,,R,Dollars,6,Business Data Collection - BDC,Industry by financial variable (NZSIOC Level 2),Sales (operating income),Information Media and Telecommunications,Current prices,Seasonally adjusted,
BDCQ.SF1JJ1CS,2020.12,4000.303,,R,Dollars,6,Business Data Collection - BDC,Industry by financial variable (NZSIOC Level 2),Sales (operating income),Information Media and Telecommunications,Current prices,Seasonally adjusted,
BDCQ.SF1JJ1CS,2021.03,3794.209,,R,Dollars,6,Business Data Collection - BDC,Industry by financial variable (NZSIOC Level 2),Sales (operating income),Information Media and Telecommunications,Current prices,Seasonally adjusted,
BDCQ.SF1JJ1CS,2021.06,4041.381,,R,Dollars,6,Business Data Collection - BDC,Industry by financial variable (NZSIOC Level 2),Sales (operating income),Information Media and Telecommunications,Current prices,Seasonally adjusted,
BDCQ.SF1JJ1CS,2021.09,3953.567,,F,Dollars,6,Business Data Collection - BDC,Industry by financial variable (NZSIOC Level 2),Sales (operating income),Information Media and Telecommunications,Current prices,Seasonally adjusted,
BDCQ.SF1JJ1CT,2016.06,3542.287,,R,Dollars,6,Business Data Collection - BDC,Industry by financial variable (NZSIOC Level 2),Sales (operating income),Information Media and Telecommunications,Current prices,Trend,
BDCQ.SF1JJ1CT,2016.09,3644.676,,R,Dollars,6,Business Data Collection - BDC,Industry by financial variable (NZSIOC Level 2),Sales (operating income),Information Media and Telecommunications,Current prices,Trend,
BDCQ.SF1JJ1CT,2016.12,3686.664,,R,Dollars,6,Business Data Collection - BDC,Industry by financial variable (NZSIOC Level 2),Sales (operating income),Information Media and Telecommunications,Current prices,Trend,
BDCQ.SF1JJ1CT,2017.03,3672.38,,R,Dollars,6,Business Data Collection - BDC,Industry by financial variable (NZSIOC Level 2),Sales (operating income),Information Media and Telecommunications,Current prices,Trend,
BDCQ.SF1JJ1CT,2017.06,3663.181,,R,Dollars,6,Business Data Collection - BDC,Industry by financial variable (NZSIOC Level 2),Sales (operating income),Information Media and Telecommunications,Current prices,Trend,
BDCQ.SF1JJ1CT,2017.09,3677.529,,R,Dollars,6,Business Data Collection - BDC,Industry by financial variable (NZSIOC Level 2),Sales (operating income),Information Media and Telecommunications,Current prices,Trend,
BDCQ.SF1JJ1CT,2017.12,3684.742,,R,Dollars,6,Business Data Collection - BDC,Industry by financial variable (NZSIOC Level 2),Sales (operating income),Information Media and Telecommunications,Current prices,Trend,
BDCQ.SF1JJ1CT,2018.03,3680.042,,R,Dollars,6,Business Data Collection - BDC,Industry by financial variable (NZSIOC Level 2),Sales (operating income),Information Media and Telecommunications,Current prices,Trend,
BDCQ.SF1JJ1CT,2018.06,3698.186,,R,Dollars,6,Business Data Collection - BDC,Industry by financial variable (NZSIOC Level 2),Sales (operating income),Information Media and Telecommunications,Current prices,Trend,
BDCQ.SF1JJ1CT,2018.09,3722.21,,R,Dollars,6,Business Data Collection - BDC,Industry by financial variable (NZSIOC Level 2),Sales (operating income),Information Media and Telecommunications,Current prices,Trend,
BDCQ.SF1JJ1CT,2018.12,3735.352,,R,Dollars,6,Business Data Collection - BDC,Industry by financial variable (NZSIOC Level 2),Sales (operating income),Information Media and Telecommunications,Current prices,Trend,
BDCQ.SF1JJ1CT,2019.03,3726.142,,R,Dollars,6,Business Data Collection - BDC,Industry by financial variable (NZSIOC Level 2),Sales (operating income),Information Media and Telecommunications,Current prices,Trend,
BDCQ.SF1JJ1CT,2019.06,3772.338,,R,Dollars,6,Business Data Collection - BDC,Industry by financial variable (NZSIOC Level 2),Sales (operating income),Information Media and Telecommunications,Current prices,Trend,
BDCQ.SF1JJ1CT,2019.09,3832.636,,R,Dollars,6,Business Data Collection - BDC,Industry by financial variable (NZSIOC Level 2),Sales (operating income),Information Media and Telecommunications,Current prices,Trend,
BDCQ.SF1JJ1CT,2019.12,3871.097,,R,Dollars,6,Business Data Collection - BDC,Industry by financial variable (NZSIOC Level 2),Sales (operating income),Information Media and Telecommunications,Current prices,Trend,
BDCQ.SF1JJ1CT,2020.03,3838.695,,R,Dollars,6,Business Data Collection - BDC,Industry by financial variable (NZSIOC Level 2),Sales (operating income),Information Media and Telecommunications,Current prices,Trend,
BDCQ.SF1JJ1CT,2020.06,3817.668,,R,Dollars,6,Business Data Collection - BDC,Industry by financial variable (NZSIOC Level 2),Sales (operating income),Information Media and Telecommunications,Current prices,Trend,
BDCQ.SF1JJ1CT,2020.09,3815.915,,R,Dollars,6,Business Data Collection - BDC,Industry by financial variable (NZSIOC Level 2),Sales (operating income),Information Media and Telecommunications,Current prices,Trend,
BDCQ.SF1JJ1CT,2020.12,3870.079,,R,Dollars,6,Business Data Collection - BDC,Industry by financial variable (NZSIOC Level 2),Sales (operating income),Information Media and Telecommunications,Current prices,Trend,
BDCQ.SF1JJ1CT,2021.03,3909.54,,R,Dollars,6,Business Data Collection - BDC,Industry by financial variable (NZSIOC Level 2),Sales (operating income),Information Media and Telecommunications,Current prices,Trend,
BDCQ.SF1JJ1CT,2021.06,3971.839,,R,Dollars,6,Business Data Collection - BDC,Industry by financial variable (NZSIOC Level 2),Sales (operating income),Information Media and Telecommunications,Current prices,Trend,
BDCQ.SF1JJ1CT,2021.09,3994.925,,F,Dollars,6,Business Data Collection - BDC,Industry by financial variable (NZSIOC Level 2),Sales (operating income),Information Media and Telecommunications,Current prices,Trend,
BDCQ.SF1JJCA,2016.06,3497.474,,F,Dollars,6,Business Data Collection - BDC,Industry by financial variable (NZSIOC Level 1),Sales (operating income),Information Media and Telecommunications,Current,Unadjusted,
BDCQ.SF1JJCA,2016.09,3686.892,,F,Dollars,6,Business Data Collection - BDC,Industry by financial variable (NZSIOC Level 1),Sales (operating income),Information Media and Telecommunications,Current,Unadjusted,
BDCQ.SF1JJCA,2016.12,3726.496,,F,Dollars,6,Business Data Collection - BDC,Industry by financial variable (NZSIOC Level 1),Sales (operating income),Information Media and Telecommunications,Current,Unadjusted,
BDCQ.SF1JJCA,2017.03,3646.739,,F,Dollars,6,Business Data Collection - BDC,Industry by financial variable (NZSIOC Level 1),Sales (operating income),Information Media and Telecommunications,Current,Unadjusted,
BDCQ.SF1JJCA,2017.06,3605.416,,F,Dollars,6,Business Data Collection - BDC,Industry by financial variable (NZSIOC Level 1),Sales (operating income),Information Media and Telecommunications,Current,Unadjusted,
BDCQ.SF1JJCA,2017.09,3742.768,,F,Dollars,6,Business Data Collection - BDC,Industry by financial variable (NZSIOC Level 1),Sales (operating income),Information Media and Telecommunications,Current,Unadjusted,
BDCQ.SF1JJCA,2017.12,3687.847,,F,Dollars,6,Business Data Collection - BDC,Industry by financial variable (NZSIOC Level 1),Sales (operating income),Information Media and Telecommunications,Current,Unadjusted,
BDCQ.SF1JJCA,2018.03,3637.454,,F,Dollars,6,Business Data Collection - BDC,Industry by financial variable (NZSIOC Level 1),Sales (operating income),Information Media and Telecommunications,Current,Unadjusted,
BDCQ.SF1JJCA,2018.06,3706.952,,F,Dollars,6,Business Data Collection - BDC,Industry by financial variable (NZSIOC Level 1),Sales (operating income),Information Media and Telecommunications,Current,Unadjusted,
BDCQ.SF1JJCA,2018.09,3741.137,,F,Dollars,6,Business Data Collection - BDC,Industry by financial variable (NZSIOC Level 1),Sales (operating income),Information Media and Telecommunications,Current,Unadjusted,
BDCQ.SF1JJCA,2018.12,3752.926,,F,Dollars,6,Business Data Collection - BDC,Industry by financial variable (NZSIOC Level 1),Sales (operating income),Information Media and Telecommunications,Current,Unadjusted,
BDCQ.SF1JJCA,2019.03,3670.674,,F,Dollars,6,Business Data Collection - BDC,Industry by financial variable (NZSIOC Level 1),Sales (operating income),Information Media and Telecommunications,Current,Unadjusted,
BDCQ.SF1JJCA,2019.06,3830.499,,F,Dollars,6,Business Data Collection - BDC,Industry by financial variable (NZSIOC Level 1),Sales (operating income),Information Media and Telecommunications,Current,Unadjusted,
BDCQ.SF1JJCA,2019.09,3728.969,,F,Dollars,6,Business Data Collection - BDC,Industry by financial variable (NZSIOC Level 1),Sales (operating income),Information Media and Telecommunications,Current,Unadjusted,
BDCQ.SF1JJCA,2019.12,4045.656,,F,Dollars,6,Business Data Collection - BDC,Industry by financial variable (NZSIOC Level 1),Sales (operating income),Information Media and Telecommunications,Current,Unadjusted,
BDCQ.SF1JJCA,2020.03,3724.404,,F,Dollars,6,Business Data Collection - BDC,Industry by financial variable (NZSIOC Level 1),Sales (operating income),Information Media and Telecommunications,Current,Unadjusted,
BDCQ.SF1JJCA,2020.06,3515.44,,F,Dollars,6,Business Data Collection - BDC,Industry by financial variable (NZSIOC Level 1),Sales (operating income),Information Media and Telecommunications,Current,Unadjusted,
BDCQ.SF1JJCA,2020.09,3713.045,,F,Dollars,6,Business Data Collection - BDC,Industry by financial variable (NZSIOC Level 1),Sales (operating income),Information Media and Telecommunications,Current,Unadjusted,
BDCQ.SF1JJCA,2020.12,4000.303,,F,Dollars,6,Business Data Collection - BDC,Industry by financial variable (NZSIOC Level 1),Sales (operating income),Information Media and Telecommunications,Current,Unadjusted,
BDCQ.SF1JJCA,2021.03,3794.209,,F,Dollars,6,Business Data Collection - BDC,Industry by financial variable (NZSIOC Level 1),Sales (operating income),Information Media and Telecommunications,Current,Unadjusted,
BDCQ.SF1JJCA,2021.06,4041.381,,F,Dollars,6,Business Data Collection - BDC,Industry by financial variable (NZSIOC Level 1),Sales (operating income),Information Media and Telecommunications,Current,Unadjusted,
BDCQ.SF1JJCA,2021.09,3953.567,,F,Dollars,6,Business Data Collection - BDC,Industry by financial variable (NZSIOC Level 1),Sales (operating income),Information Media and Telecommunications,Current,Unadjusted,
BDCQ.SF1JJCS,2016.06,3497.474,,R,Dollars,6,Business Data Collection - BDC,Industry by financial variable (NZSIOC Level 1),Sales (operating income),Information Media and Telecommunications,Current,Seasonally adjusted,
BDCQ.SF1JJCS,2016.09,3686.892,,R,Dollars,6,Business Data Collection - BDC,Industry by financial variable (NZSIOC Level 1),Sales (operating income),Information Media and Telecommunications,Current,Seasonally adjusted,
BDCQ.SF1JJCS,2016.12,3726.496,,R,Dollars,6,Business Data Collection - BDC,Industry by financial variable (NZSIOC Level 1),Sales (operating income),Information Media and Telecommunications,Current,Seasonally adjusted,
BDCQ.SF1JJCS,2017.03,3646.739,,R,Dollars,6,Business Data Collection - BDC,Industry by financial variable (NZSIOC Level 1),Sales (operating income),Information Media and Telecommunications,Current,Seasonally adjusted,
BDCQ.SF1JJCS,2017.06,3605.416,,R,Dollars,6,Business Data Collection - BDC,Industry by financial variable (NZSIOC Level 1),Sales (operating income),Information Media and Telecommunications,Current,Seasonally adjusted,
BDCQ.SF1JJCS,2017.09,3742.768,,R,Dollars,6,Business Data Collection - BDC,Industry by financial variable (NZSIOC Level 1),Sales (operating income),Information Media and Telecommunications,Current,Seasonally adjusted,
BDCQ.SF1JJCS,2017.12,3687.847,,R,Dollars,6,Business Data Collection - BDC,Industry by financial variable (NZSIOC Level 1),Sales (operating income),Information Media and Telecommunications,Current,Seasonally adjusted,
BDCQ.SF1JJCS,2018.03,3637.454,,R,Dollars,6,Business Data Collection - BDC,Industry by financial variable (NZSIOC Level 1),Sales (operating income),Information Media and Telecommunications,Current,Seasonally adjusted,
BDCQ.SF1JJCS,2018.06,3706.952,,R,Dollars,6,Business Data Collection - BDC,Industry by financial variable (NZSIOC Level 1),Sales (operating income),Information Media and Telecommunications,Current,Seasonally adjusted,
BDCQ.SF1JJCS,2018.09,3741.137,,R,Dollars,6,Business Data Collection - BDC,Industry by financial variable (NZSIOC Level 1),Sales (operating income),Information Media and Telecommunications,Current,Seasonally adjusted,
BDCQ.SF1JJCS,2018.12,3752.926,,R,Dollars,6,Business Data Collection - BDC,Industry by financial variable (NZSIOC Level 1),Sales (operating income),Information Media and Telecommunications,Current,Seasonally adjusted,
BDCQ.SF1JJCS,2019.03,3670.674,,R,Dollars,6,Business Data Collection - BDC,Industry by financial variable (NZSIOC Level 1),Sales (operating income),Information Media and Telecommunications,Current,Seasonally adjusted,
BDCQ.SF1JJCS,2019.06,3830.499,,R,Dollars,6,Business Data Collection - BDC,Industry by financial variable (NZSIOC Level 1),Sales (operating income),Information Media and Telecommunications,Current,Seasonally adjusted,
BDCQ.SF1JJCS,2019.09,3728.969,,R,Dollars,6,Business Data Collection - BDC,Industry by financial variable (NZSIOC Level 1),Sales (operating income),Information Media and Telecommunications,Current,Seasonally adjusted,
BDCQ.SF1JJCS,2019.12,4045.656,,R,Dollars,6,Business Data Collection - BDC,Industry by financial variable (NZSIOC Level 1),Sales (operating income),Information Media and Telecommunications,Current,Seasonally adjusted,
BDCQ.SF1JJCS,2020.03,3724.404,,R,Dollars,6,Business Data Collection - BDC,Industry by financial variable (NZSIOC Level 1),Sales (operating income),Information Media and Telecommunications,Current,Seasonally adjusted,
BDCQ.SF1JJCS,2020.06,3515.44,,R,Dollars,6,Business Data Collection - BDC,Industry by financial variable (NZSIOC Level 1),Sales (operating income),Information Media and Telecommunications,Current,Seasonally adjusted,
BDCQ.SF1JJCS,2020.09,3713.045,,R,Dollars,6,Business Data Collection - BDC,Industry by financial variable (NZSIOC Level 1),Sales (operating income),Information Media and Telecommunications,Current,Seasonally adjusted,
BDCQ.SF1JJCS,2020.12,4000.303,,R,Dollars,6,Business Data Collection - BDC,Industry by financial variable (NZSIOC Level 1),Sales (operating income),Information Media and Telecommunications,Current,Seasonally adjusted,
BDCQ.SF1JJCS,2021.03,3794.209,,R,Dollars,6,Business Data Collection - BDC,Industry by financial variable (NZSIOC Level 1),Sales (operating income),Information Media and Telecommunications,Current,Seasonally adjusted,
BDCQ.SF1JJCS,2021.06,4041.381,,R,Dollars,6,Business Data Collection - BDC,Industry by financial variable (NZSIOC Level 1),Sales (operating income),Information Media and Telecommunications,Current,Seasonally adjusted,
BDCQ.SF1JJCS,2021.09,3953.567,,F,Dollars,6,Business Data Collection - BDC,Industry by financial variable (NZSIOC Level 1),Sales (operating income),Information Media and Telecommunications,Current,Seasonally adjusted,
BDCQ.SF1JJCT,2016.06,3542.287,,R,Dollars,6,Business Data Collection - BDC,Industry by financial variable (NZSIOC Level 1),Sales (operating income),Information Media and Telecommunications,Current,Trend,
BDCQ.SF1JJCT,2016.09,3644.676,,R,Dollars,6,Business Data Collection - BDC,Industry by financial variable (NZSIOC Level 1),Sales (operating income),Information Media and Telecommunications,Current,Trend,
BDCQ.SF1JJCT,2016.12,3686.664,,R,Dollars,6,Business Data Collection - BDC,Industry by financial variable (NZSIOC Level 1),Sales (operating income),Information Media and Telecommunications,Current,Trend,
BDCQ.SF1JJCT,2017.03,3672.38,,R,Dollars,6,Business Data Collection - BDC,Industry by financial variable (NZSIOC Level 1),Sales (operating income),Information Media and Telecommunications,Current,Trend,
BDCQ.SF1JJCT,2017.06,3663.181,,R,Dollars,6,Business Data Collection - BDC,Industry by financial variable (NZSIOC Level 1),Sales (operating income),Information Media and Telecommunications,Current,Trend,
BDCQ.SF1JJCT,2017.09,3677.529,,R,Dollars,6,Business Data Collection - BDC,Industry by financial variable (NZSIOC Level 1),Sales (operating income),Information Media and Telecommunications,Current,Trend,
BDCQ.SF1JJCT,2017.12,3684.742,,R,Dollars,6,Business Data Collection - BDC,Industry by financial variable (NZSIOC Level 1),Sales (operating income),Information Media and Telecommunications,Current,Trend,
BDCQ.SF1JJCT,2018.03,3680.042,,R,Dollars,6,Business Data Collection - BDC,Industry by financial variable (NZSIOC Level 1),Sales (operating income),Information Media and Telecommunications,Current,Trend,
BDCQ.SF1JJCT,2018.06,3698.186,,R,Dollars,6,Business Data Collection - BDC,Industry by financial variable (NZSIOC Level 1),Sales (operating income),Information Media and Telecommunications,Current,Trend,
BDCQ.SF1JJCT,2018.09,3722.21,,R,Dollars,6,Business Data Collection - BDC,Industry by financial variable (NZSIOC Level 1),Sales (operating income),Information Media and Telecommunications,Current,Trend,
BDCQ.SF1JJCT,2018.12,3735.352,,R,Dollars,6,Business Data Collection - BDC,Industry by financial variable (NZSIOC Level 1),Sales (operating income),Information Media and Telecommunications,Current,Trend,
BDCQ.SF1JJCT,2019.03,3726.142,,R,Dollars,6,Business Data Collection - BDC,Industry by financial variable (NZSIOC Level 1),Sales (operating income),Information Media and Telecommunications,Current,Trend,
BDCQ.SF1JJCT,2019.06,3772.338,,R,Dollars,6,Business Data Collection - BDC,Industry by financial variable (NZSIOC Level 1),Sales (operating income),Information Media and Telecommunications,Current,Trend,
BDCQ.SF1JJCT,2019.09,3832.636,,R,Dollars,6,Business Data Collection - BDC,Industry by financial variable (NZSIOC Level 1),Sales (operating income),Information Media and Telecommunications,Current,Trend,
BDCQ.SF1JJCT,2019.12,3871.097,,R,Dollars,6,Business Data Collection - BDC,Industry by financial variable (NZSIOC Level 1),Sales (operating income),Information Media and Telecommunications,Current,Trend,
BDCQ.SF1JJCT,2020.03,3838.695,,R,Dollars,6,Business Data Collection - BDC,Industry by financial variable (NZSIOC Level 1),Sales (operating income),Information Media and Telecommunications,Current,Trend,
BDCQ.SF1JJCT,2020.06,,Y,C,Dollars,6,Business Data Collection - BDC,Industry by financial variable (NZSIOC Level 1),Sales (operating income),Information Media and Telecommunications,Current,Trend,
BDCQ.SF1JJCT,2020.09,,Y,C,Dollars,6,Business Data Collection - BDC,Industry by financial variable (NZSIOC Level 1),Sales (operating income),Information Media and Telecommunications,Current,Trend,
BDCQ.SF1JJCT,2020.12,,Y,C,Dollars,6,Business Data Collection - BDC,Industry by financial variable (NZSIOC Level 1),Sales (operating income),Information Media and Telecommunications,Current,Trend,
BDCQ.SF1JJCT,2021.03,,Y,C,Dollars,6,Business Data Collection - BDC,Industry by financial variable (NZSIOC Level 1),Sales (operating income),Information Media and Telecommunications,Current,Trend,
BDCQ.SF1JJCT,2021.06,,Y,C,Dollars,6,Business Data Collection - BDC,Industry by financial variable (NZSIOC Level 1),Sales (operating income),Information Media and Telecommunications,Current,Trend,
BDCQ.SF1JJCT,2021.09,,Y,C,Dollars,6,Business Data Collection - BDC,Industry by financial variable (NZSIOC Level 1),Sales (operating income),Information Media and Telecommunications,Current,Trend,
BDCQ.SF1LL1CA,2016.06,6792.689,,F,Dollars,6,Business Data Collection - BDC,Industry by financial variable (NZSIOC Level 2),Sales (operating income),"Rental, Hiring and Real Estate Services",Current prices,Unadjusted,
BDCQ.SF1LL1CA,2016.09,6352.806,,F,Dollars,6,Business Data Collection - BDC,Industry by financial variable (NZSIOC Level 2),Sales (operating income),"Rental, Hiring and Real Estate Services",Current prices,Unadjusted,
BDCQ.SF1LL1CA,2016.12,7496.077,,F,Dollars,6,Business Data Collection - BDC,Industry by financial variable (NZSIOC Level 2),Sales (operating income),"Rental, Hiring and Real Estate Services",Current prices,Unadjusted,
BDCQ.SF1LL1CA,2017.03,6480.287,,F,Dollars,6,Business Data Collection - BDC,Industry by financial variable (NZSIOC Level 2),Sales (operating income),"Rental, Hiring and Real Estate Services",Current prices,Unadjusted,
BDCQ.SF1LL1CA,2017.06,7125.573,,F,Dollars,6,Business Data Collection - BDC,Industry by financial variable (NZSIOC Level 2),Sales (operating income),"Rental, Hiring and Real Estate Services",Current prices,Unadjusted,
BDCQ.SF1LL1CA,2017.09,6531.226,,F,Dollars,6,Business Data Collection - BDC,Industry by financial variable (NZSIOC Level 2),Sales (operating income),"Rental, Hiring and Real Estate Services",Current prices,Unadjusted,
BDCQ.SF1LL1CA,2017.12,8050.852,,F,Dollars,6,Business Data Collection - BDC,Industry by financial variable (NZSIOC Level 2),Sales (operating income),"Rental, Hiring and Real Estate Services",Current prices,Unadjusted,
BDCQ.SF1LL1CA,2018.03,7031.13,,F,Dollars,6,Business Data Collection - BDC,Industry by financial variable (NZSIOC Level 2),Sales (operating income),"Rental, Hiring and Real Estate Services",Current prices,Unadjusted,
BDCQ.SF1LL1CA,2018.06,8043.255,,F,Dollars,6,Business Data Collection - BDC,Industry by financial variable (NZSIOC Level 2),Sales (operating income),"Rental, Hiring and Real Estate Services",Current prices,Unadjusted,
BDCQ.SF1LL1CA,2018.09,7672.916,,F,Dollars,6,Business Data Collection - BDC,Industry by financial variable (NZSIOC Level 2),Sales (operating income),"Rental, Hiring and Real Estate Services",Current prices,Unadjusted,
BDCQ.SF1LL1CA,2018.12,8219.079,,F,Dollars,6,Business Data Collection - BDC,Industry by financial variable (NZSIOC Level 2),Sales (operating income),"Rental, Hiring and Real Estate Services",Current prices,Unadjusted,
BDCQ.SF1LL1CA,2019.03,7411.122,,F,Dollars,6,Business Data Collection - BDC,Industry by financial variable (NZSIOC Level 2),Sales (operating income),"Rental, Hiring and Real Estate Services",Current prices,Unadjusted,
BDCQ.SF1LL1CA,2019.06,7680.969,,F,Dollars,6,Business Data Collection - BDC,Industry by financial variable (NZSIOC Level 2),Sales (operating income),"Rental, Hiring and Real Estate Services",Current prices,Unadjusted,
BDCQ.SF1LL1CA,2019.09,7895.094,,F,Dollars,6,Business Data Collection - BDC,Industry by financial variable (NZSIOC Level 2),Sales (operating income),"Rental, Hiring and Real Estate Services",Current prices,Unadjusted,
BDCQ.SF1LL1CA,2019.12,8476.769,,F,Dollars,6,Business Data Collection - BDC,Industry by financial variable (NZSIOC Level 2),Sales (operating income),"Rental, Hiring and Real Estate Services",Current prices,Unadjusted,
BDCQ.SF1LL1CA,2020.03,7785.523,,F,Dollars,6,Business Data Collection - BDC,Industry by financial variable (NZSIOC Level 2),Sales (operating income),"Rental, Hiring and Real Estate Services",Current prices,Unadjusted,
BDCQ.SF1LL1CA,2020.06,6844.56,,F,Dollars,6,Business Data Collection - BDC,Industry by financial variable (NZSIOC Level 2),Sales (operating income),"Rental, Hiring and Real Estate Services",Current prices,Unadjusted,
BDCQ.SF1LL1CA,2020.09,7716.117,,F,Dollars,6,Business Data Collection - BDC,Industry by financial variable (NZSIOC Level 2),Sales (operating income),"Rental, Hiring and Real Estate Services",Current prices,Unadjusted,
BDCQ.SF1LL1CA,2020.12,8908.61,,F,Dollars,6,Business Data Collection - BDC,Industry by financial variable (NZSIOC Level 2),Sales (operating income),"Rental, Hiring and Real Estate Services",Current prices,Unadjusted,
BDCQ.SF1LL1CA,2021.03,8420.492,,F,Dollars,6,Business Data Collection - BDC,Industry by financial variable (NZSIOC Level 2),Sales (operating income),"Rental, Hiring and Real Estate Services",Current prices,Unadjusted,
BDCQ.SF1LL1CA,2021.06,9153.746,,F,Dollars,6,Business Data Collection - BDC,Industry by financial variable (NZSIOC Level 2),Sales (operating income),"Rental, Hiring and Real Estate Services",Current prices,Unadjusted,
BDCQ.SF1LL1CA,2021.09,8960.461,,F,Dollars,6,Business Data Collection - BDC,Industry by financial variable (NZSIOC Level 2),Sales (operating income),"Rental, Hiring and Real Estate Services",Current prices,Unadjusted,
BDCQ.SF1LL1CS,2016.06,6749.905,,R,Dollars,6,Business Data Collection - BDC,Industry by financial variable (NZSIOC Level 2),Sales (operating income),"Rental, Hiring and Real Estate Services",Current prices,Seasonally adjusted,
BDCQ.SF1LL1CS,2016.09,6608.103,,R,Dollars,6,Business Data Collection - BDC,Industry by financial variable (NZSIOC Level 2),Sales (operating income),"Rental, Hiring and Real Estate Services",Current prices,Seasonally adjusted,
BDCQ.SF1LL1CS,2016.12,6882.971,,R,Dollars,6,Business Data Collection - BDC,Industry by financial variable (NZSIOC Level 2),Sales (operating income),"Rental, Hiring and Real Estate Services",Current prices,Seasonally adjusted,
BDCQ.SF1LL1CS,2017.03,6865.916,,R,Dollars,6,Business Data Collection - BDC,Industry by financial variable (NZSIOC Level 2),Sales (operating income),"Rental, Hiring and Real Estate Services",Current prices,Seasonally adjusted,
BDCQ.SF1LL1CS,2017.06,7079.152,,R,Dollars,6,Business Data Collection - BDC,Industry by financial variable (NZSIOC Level 2),Sales (operating income),"Rental, Hiring and Real Estate Services",Current prices,Seasonally adjusted,
BDCQ.SF1LL1CS,2017.09,6798.593,,R,Dollars,6,Business Data Collection - BDC,Industry by financial variable (NZSIOC Level 2),Sales (operating income),"Rental, Hiring and Real Estate Services",Current prices,Seasonally adjusted,
BDCQ.SF1LL1CS,2017.12,7405.19,,R,Dollars,6,Business Data Collection - BDC,Industry by financial variable (NZSIOC Level 2),Sales (operating income),"Rental, Hiring and Real Estate Services",Current prices,Seasonally adjusted,
BDCQ.SF1LL1CS,2018.03,7430.358,,R,Dollars,6,Business Data Collection - BDC,Industry by financial variable (NZSIOC Level 2),Sales (operating income),"Rental, Hiring and Real Estate Services",Current prices,Seasonally adjusted,
BDCQ.SF1LL1CS,2018.06,7990.037,,R,Dollars,6,Business Data Collection - BDC,Industry by financial variable (NZSIOC Level 2),Sales (operating income),"Rental, Hiring and Real Estate Services",Current prices,Seasonally adjusted,
BDCQ.SF1LL1CS,2018.09,7988.952,,R,Dollars,6,Business Data Collection - BDC,Industry by financial variable (NZSIOC Level 2),Sales (operating income),"Rental, Hiring and Real Estate Services",Current prices,Seasonally adjusted,
BDCQ.SF1LL1CS,2018.12,7576.324,,R,Dollars,6,Business Data Collection - BDC,Industry by financial variable (NZSIOC Level 2),Sales (operating income),"Rental, Hiring and Real Estate Services",Current prices,Seasonally adjusted,
BDCQ.SF1LL1CS,2019.03,7819.679,,R,Dollars,6,Business Data Collection - BDC,Industry by financial variable (NZSIOC Level 2),Sales (operating income),"Rental, Hiring and Real Estate Services",Current prices,Seasonally adjusted,
BDCQ.SF1LL1CS,2019.06,7619.003,,R,Dollars,6,Business Data Collection - BDC,Industry by financial variable (NZSIOC Level 2),Sales (operating income),"Rental, Hiring and Real Estate Services",Current prices,Seasonally adjusted,
BDCQ.SF1LL1CS,2019.09,8216.273,,R,Dollars,6,Business Data Collection - BDC,Industry by financial variable (NZSIOC Level 2),Sales (operating income),"Rental, Hiring and Real Estate Services",Current prices,Seasonally adjusted,
BDCQ.SF1LL1CS,2019.12,7842.075,,R,Dollars,6,Business Data Collection - BDC,Industry by financial variable (NZSIOC Level 2),Sales (operating income),"Rental, Hiring and Real Estate Services",Current prices,Seasonally adjusted,
BDCQ.SF1LL1CS,2020.03,8205.36,,R,Dollars,6,Business Data Collection - BDC,Industry by financial variable (NZSIOC Level 2),Sales (operating income),"Rental, Hiring and Real Estate Services",Current prices,Seasonally adjusted,
BDCQ.SF1LL1CS,2020.06,6770.075,,R,Dollars,6,Business Data Collection - BDC,Industry by financial variable (NZSIOC Level 2),Sales (operating income),"Rental, Hiring and Real Estate Services",Current prices,Seasonally adjusted,
BDCQ.SF1LL1CS,2020.09,8022.619,,R,Dollars,6,Business Data Collection - BDC,Industry by financial variable (NZSIOC Level 2),Sales (operating income),"Rental, Hiring and Real Estate Services",Current prices,Seasonally adjusted,
BDCQ.SF1LL1CS,2020.12,8283.575,,R,Dollars,6,Business Data Collection - BDC,Industry by financial variable (NZSIOC Level 2),Sales (operating income),"Rental, Hiring and Real Estate Services",Current prices,Seasonally adjusted,
BDCQ.SF1LL1CS,2021.03,8857.686,,R,Dollars,6,Business Data Collection - BDC,Industry by financial variable (NZSIOC Level 2),Sales (operating income),"Rental, Hiring and Real Estate Services",Current prices,Seasonally adjusted,
BDCQ.SF1LL1CS,2021.06,9038.627,,R,Dollars,6,Business Data Collection - BDC,Industry by financial variable (NZSIOC Level 2),Sales (operating income),"Rental, Hiring and Real Estate Services",Current prices,Seasonally adjusted,
BDCQ.SF1LL1CS,2021.09,9290.572,,F,Dollars,6,Business Data Collection - BDC,Industry by financial variable (NZSIOC Level 2),Sales (operating income),"Rental, Hiring and Real Estate Services",Current prices,Seasonally adjusted,
BDCQ.SF1LL1CT,2016.06,6852.513,,R,Dollars,6,Business Data Collection - BDC,Industry by financial variable (NZSIOC Level 2),Sales (operating income),"Rental, Hiring and Real Estate Services",Current prices,Trend,
BDCQ.SF1LL1CT,2016.09,6679.952,,R,Dollars,6,Business Data Collection - BDC,Industry by financial variable (NZSIOC Level 2),Sales (operating income),"Rental, Hiring and Real Estate Services",Current prices,Trend,
BDCQ.SF1LL1CT,2016.12,6795.372,,R,Dollars,6,Business Data Collection - BDC,Industry by financial variable (NZSIOC Level 2),Sales (operating income),"Rental, Hiring and Real Estate Services",Current prices,Trend,
BDCQ.SF1LL1CT,2017.03,6889.592,,R,Dollars,6,Business Data Collection - BDC,Industry by financial variable (NZSIOC Level 2),Sales (operating income),"Rental, Hiring and Real Estate Services",Current prices,Trend,
BDCQ.SF1LL1CT,2017.06,6948.789,,R,Dollars,6,Business Data Collection - BDC,Industry by financial variable (NZSIOC Level 2),Sales (operating income),"Rental, Hiring and Real Estate Services",Current prices,Trend,
BDCQ.SF1LL1CT,2017.09,7025.278,,R,Dollars,6,Business Data Collection - BDC,Industry by financial variable (NZSIOC Level 2),Sales (operating income),"Rental, Hiring and Real Estate Services",Current prices,Trend,
BDCQ.SF1LL1CT,2017.12,7247.01,,R,Dollars,6,Business Data Collection - BDC,Industry by financial variable (NZSIOC Level 2),Sales (operating income),"Rental, Hiring and Real Estate Services",Current prices,Trend,
BDCQ.SF1LL1CT,2018.03,7595.105,,R,Dollars,6,Business Data Collection - BDC,Industry by financial variable (NZSIOC Level 2),Sales (operating income),"Rental, Hiring and Real Estate Services",Current prices,Trend,
BDCQ.SF1LL1CT,2018.06,7846.674,,R,Dollars,6,Business Data Collection - BDC,Industry by financial variable (NZSIOC Level 2),Sales (operating income),"Rental, Hiring and Real Estate Services",Current prices,Trend,
BDCQ.SF1LL1CT,2018.09,7881.346,,R,Dollars,6,Business Data Collection - BDC,Industry by financial variable (NZSIOC Level 2),Sales (operating income),"Rental, Hiring and Real Estate Services",Current prices,Trend,
BDCQ.SF1LL1CT,2018.12,7766.782,,R,Dollars,6,Business Data Collection - BDC,Industry by financial variable (NZSIOC Level 2),Sales (operating income),"Rental, Hiring and Real Estate Services",Current prices,Trend,
BDCQ.SF1LL1CT,2019.03,7711.181,,R,Dollars,6,Business Data Collection - BDC,Industry by financial variable (NZSIOC Level 2),Sales (operating income),"Rental, Hiring and Real Estate Services",Current prices,Trend,
BDCQ.SF1LL1CT,2019.06,7807.787,,R,Dollars,6,Business Data Collection - BDC,Industry by financial variable (NZSIOC Level 2),Sales (operating income),"Rental, Hiring and Real Estate Services",Current prices,Trend,
BDCQ.SF1LL1CT,2019.09,7943.943,,R,Dollars,6,Business Data Collection - BDC,Industry by financial variable (NZSIOC Level 2),Sales (operating income),"Rental, Hiring and Real Estate Services",Current prices,Trend,
BDCQ.SF1LL1CT,2019.12,8058.923,,R,Dollars,6,Business Data Collection - BDC,Industry by financial variable (NZSIOC Level 2),Sales (operating income),"Rental, Hiring and Real Estate Services",Current prices,Trend,
BDCQ.SF1LL1CT,2020.03,8124.908,,R,Dollars,6,Business Data Collection - BDC,Industry by financial variable (NZSIOC Level 2),Sales (operating income),"Rental, Hiring and Real Estate Services",Current prices,Trend,
BDCQ.SF1LL1CT,2020.06,8105.102,,R,Dollars,6,Business Data Collection - BDC,Industry by financial variable (NZSIOC Level 2),Sales (operating income),"Rental, Hiring and Real Estate Services",Current prices,Trend,
BDCQ.SF1LL1CT,2020.09,8170.138,,R,Dollars,6,Business Data Collection - BDC,Industry by financial variable (NZSIOC Level 2),Sales (operating income),"Rental, Hiring and Real Estate Services",Current prices,Trend,
BDCQ.SF1LL1CT,2020.12,8362.049,,R,Dollars,6,Business Data Collection - BDC,Industry by financial variable (NZSIOC Level 2),Sales (operating income),"Rental, Hiring and Real Estate Services",Current prices,Trend,
BDCQ.SF1LL1CT,2021.03,8729.13,,R,Dollars,6,Business Data Collection - BDC,Industry by financial variable (NZSIOC Level 2),Sales (operating income),"Rental, Hiring and Real Estate Services",Current prices,Trend,
BDCQ.SF1LL1CT,2021.06,9078.302,,R,Dollars,6,Business Data Collection - BDC,Industry by financial variable (NZSIOC Level 2),Sales (operating income),"Rental, Hiring and Real Estate Services",Current prices,Trend,
BDCQ.SF1LL1CT,2021.09,9245.255,,F,Dollars,6,Business Data Collection - BDC,Industry by financial variable (NZSIOC Level 2),Sales (operating income),"Rental, Hiring and Real Estate Services",Current prices,Trend,
BDCQ.SF1LLCA,2016.06,6792.689,,F,Dollars,6,Business Data Collection - BDC,Industry by financial variable (NZSIOC Level 1),Sales (operating income),"Rental, Hiring and Real Estate Services",Current,Unadjusted,
BDCQ.SF1LLCA,2016.09,6352.806,,F,Dollars,6,Business Data Collection - BDC,Industry by financial variable (NZSIOC Level 1),Sales (operating income),"Rental, Hiring and Real Estate Services",Current,Unadjusted,
BDCQ.SF1LLCA,2016.12,7496.077,,F,Dollars,6,Business Data Collection - BDC,Industry by financial variable (NZSIOC Level 1),Sales (operating income),"Rental, Hiring and Real Estate Services",Current,Unadjusted,
BDCQ.SF1LLCA,2017.03,6480.287,,F,Dollars,6,Business Data Collection - BDC,Industry by financial variable (NZSIOC Level 1),Sales (operating income),"Rental, Hiring and Real Estate Services",Current,Unadjusted,
BDCQ.SF1LLCA,2017.06,7125.573,,F,Dollars,6,Business Data Collection - BDC,Industry by financial variable (NZSIOC Level 1),Sales (operating income),"Rental, Hiring and Real Estate Services",Current,Unadjusted,
BDCQ.SF1LLCA,2017.09,6531.226,,F,Dollars,6,Business Data Collection - BDC,Industry by financial variable (NZSIOC Level 1),Sales (operating income),"Rental, Hiring and Real Estate Services",Current,Unadjusted,
BDCQ.SF1LLCA,2017.12,8050.852,,F,Dollars,6,Business Data Collection - BDC,Industry by financial variable (NZSIOC Level 1),Sales (operating income),"Rental, Hiring and Real Estate Services",Current,Unadjusted,
BDCQ.SF1LLCA,2018.03,7031.13,,F,Dollars,6,Business Data Collection - BDC,Industry by financial variable (NZSIOC Level 1),Sales (operating income),"Rental, Hiring and Real Estate Services",Current,Unadjusted,
BDCQ.SF1LLCA,2018.06,8043.255,,F,Dollars,6,Business Data Collection - BDC,Industry by financial variable (NZSIOC Level 1),Sales (operating income),"Rental, Hiring and Real Estate Services",Current,Unadjusted,
BDCQ.SF1LLCA,2018.09,7672.916,,F,Dollars,6,Business Data Collection - BDC,Industry by financial variable (NZSIOC Level 1),Sales (operating income),"Rental, Hiring and Real Estate Services",Current,Unadjusted,
BDCQ.SF1LLCA,2018.12,8219.079,,F,Dollars,6,Business Data Collection - BDC,Industry by financial variable (NZSIOC Level 1),Sales (operating income),"Rental, Hiring and Real Estate Services",Current,Unadjusted,
BDCQ.SF1LLCA,2019.03,7411.122,,F,Dollars,6,Business Data Collection - BDC,Industry by financial variable (NZSIOC Level 1),Sales (operating income),"Rental, Hiring and Real Estate Services",Current,Unadjusted,
BDCQ.SF1LLCA,2019.06,7680.969,,F,Dollars,6,Business Data Collection - BDC,Industry by financial variable (NZSIOC Level 1),Sales (operating income),"Rental, Hiring and Real Estate Services",Current,Unadjusted,
BDCQ.SF1LLCA,2019.09,7895.094,,F,Dollars,6,Business Data Collection - BDC,Industry by financial variable (NZSIOC Level 1),Sales (operating income),"Rental, Hiring and Real Estate Services",Current,Unadjusted,
BDCQ.SF1LLCA,2019.12,8476.769,,F,Dollars,6,Business Data Collection - BDC,Industry by financial variable (NZSIOC Level 1),Sales (operating income),"Rental, Hiring and Real Estate Services",Current,Unadjusted,
BDCQ.SF1LLCA,2020.03,7785.523,,F,Dollars,6,Business Data Collection - BDC,Industry by financial variable (NZSIOC Level 1),Sales (operating income),"Rental, Hiring and Real Estate Services",Current,Unadjusted,
BDCQ.SF1LLCA,2020.06,6844.56,,F,Dollars,6,Business Data Collection - BDC,Industry by financial variable (NZSIOC Level 1),Sales (operating income),"Rental, Hiring and Real Estate Services",Current,Unadjusted,
BDCQ.SF1LLCA,2020.09,7716.117,,F,Dollars,6,Business Data Collection - BDC,Industry by financial variable (NZSIOC Level 1),Sales (operating income),"Rental, Hiring and Real Estate Services",Current,Unadjusted,
BDCQ.SF1LLCA,2020.12,8908.61,,F,Dollars,6,Business Data Collection - BDC,Industry by financial variable (NZSIOC Level 1),Sales (operating income),"Rental, Hiring and Real Estate Services",Current,Unadjusted,
BDCQ.SF1LLCA,2021.03,8420.492,,F,Dollars,6,Business Data Collection - BDC,Industry by financial variable (NZSIOC Level 1),Sales (operating income),"Rental, Hiring and Real Estate Services",Current,Unadjusted,
BDCQ.SF1LLCA,2021.06,9153.746,,F,Dollars,6,Business Data Collection - BDC,Industry by financial variable (NZSIOC Level 1),Sales (operating income),"Rental, Hiring and Real Estate Services",Current,Unadjusted,
BDCQ.SF1LLCA,2021.09,8960.461,,F,Dollars,6,Business Data Collection - BDC,Industry by financial variable (NZSIOC Level 1),Sales (operating income),"Rental, Hiring and Real Estate Services",Current,Unadjusted,
BDCQ.SF1LLCS,2016.06,6749.905,,R,Dollars,6,Business Data Collection - BDC,Industry by financial variable (NZSIOC Level 1),Sales (operating income),"Rental, Hiring and Real Estate Services",Current,Seasonally adjusted,
BDCQ.SF1LLCS,2016.09,6608.103,,R,Dollars,6,Business Data Collection - BDC,Industry by financial variable (NZSIOC Level 1),Sales (operating income),"Rental, Hiring and Real Estate Services",Current,Seasonally adjusted,
BDCQ.SF1LLCS,2016.12,6882.971,,R,Dollars,6,Business Data Collection - BDC,Industry by financial variable (NZSIOC Level 1),Sales (operating income),"Rental, Hiring and Real Estate Services",Current,Seasonally adjusted,
BDCQ.SF1LLCS,2017.03,6865.916,,R,Dollars,6,Business Data Collection - BDC,Industry by financial variable (NZSIOC Level 1),Sales (operating income),"Rental, Hiring and Real Estate Services",Current,Seasonally adjusted,
BDCQ.SF1LLCS,2017.06,7079.152,,R,Dollars,6,Business Data Collection - BDC,Industry by financial variable (NZSIOC Level 1),Sales (operating income),"Rental, Hiring and Real Estate Services",Current,Seasonally adjusted,
BDCQ.SF1LLCS,2017.09,6798.593,,R,Dollars,6,Business Data Collection - BDC,Industry by financial variable (NZSIOC Level 1),Sales (operating income),"Rental, Hiring and Real Estate Services",Current,Seasonally adjusted,
BDCQ.SF1LLCS,2017.12,7405.19,,R,Dollars,6,Business Data Collection - BDC,Industry by financial variable (NZSIOC Level 1),Sales (operating income),"Rental, Hiring and Real Estate Services",Current,Seasonally adjusted,
BDCQ.SF1LLCS,2018.03,7430.358,,R,Dollars,6,Business Data Collection - BDC,Industry by financial variable (NZSIOC Level 1),Sales (operating income),"Rental, Hiring and Real Estate Services",Current,Seasonally adjusted,
BDCQ.SF1LLCS,2018.06,7990.037,,R,Dollars,6,Business Data Collection - BDC,Industry by financial variable (NZSIOC Level 1),Sales (operating income),"Rental, Hiring and Real Estate Services",Current,Seasonally adjusted,
BDCQ.SF1LLCS,2018.09,7988.952,,R,Dollars,6,Business Data Collection - BDC,Industry by financial variable (NZSIOC Level 1),Sales (operating income),"Rental, Hiring and Real Estate Services",Current,Seasonally adjusted,
BDCQ.SF1LLCS,2018.12,7576.324,,R,Dollars,6,Business Data Collection - BDC,Industry by financial variable (NZSIOC Level 1),Sales (operating income),"Rental, Hiring and Real Estate Services",Current,Seasonally adjusted,
BDCQ.SF1LLCS,2019.03,7819.679,,R,Dollars,6,Business Data Collection - BDC,Industry by financial variable (NZSIOC Level 1),Sales (operating income),"Rental, Hiring and Real Estate Services",Current,Seasonally adjusted,
BDCQ.SF1LLCS,2019.06,7619.003,,R,Dollars,6,Business Data Collection - BDC,Industry by financial variable (NZSIOC Level 1),Sales (operating income),"Rental, Hiring and Real Estate Services",Current,Seasonally adjusted,
BDCQ.SF1LLCS,2019.09,8216.273,,R,Dollars,6,Business Data Collection - BDC,Industry by financial variable (NZSIOC Level 1),Sales (operating income),"Rental, Hiring and Real Estate Services",Current,Seasonally adjusted,
BDCQ.SF1LLCS,2019.12,7842.075,,R,Dollars,6,Business Data Collection - BDC,Industry by financial variable (NZSIOC Level 1),Sales (operating income),"Rental, Hiring and Real Estate Services",Current,Seasonally adjusted,
BDCQ.SF1LLCS,2020.03,8205.36,,R,Dollars,6,Business Data Collection - BDC,Industry by financial variable (NZSIOC Level 1),Sales (operating income),"Rental, Hiring and Real Estate Services",Current,Seasonally adjusted,
BDCQ.SF1LLCS,2020.06,6770.075,,R,Dollars,6,Business Data Collection - BDC,Industry by financial variable (NZSIOC Level 1),Sales (operating income),"Rental, Hiring and Real Estate Services",Current,Seasonally adjusted,
BDCQ.SF1LLCS,2020.09,8022.619,,R,Dollars,6,Business Data Collection - BDC,Industry by financial variable (NZSIOC Level 1),Sales (operating income),"Rental, Hiring and Real Estate Services",Current,Seasonally adjusted,
BDCQ.SF1LLCS,2020.12,8283.575,,R,Dollars,6,Business Data Collection - BDC,Industry by financial variable (NZSIOC Level 1),Sales (operating income),"Rental, Hiring and Real Estate Services",Current,Seasonally adjusted,
BDCQ.SF1LLCS,2021.03,8857.686,,R,Dollars,6,Business Data Collection - BDC,Industry by financial variable (NZSIOC Level 1),Sales (operating income),"Rental, Hiring and Real Estate Services",Current,Seasonally adjusted,
BDCQ.SF1LLCS,2021.06,9038.627,,R,Dollars,6,Business Data Collection - BDC,Industry by financial variable (NZSIOC Level 1),Sales (operating income),"Rental, Hiring and Real Estate Services",Current,Seasonally adjusted,
BDCQ.SF1LLCS,2021.09,9290.572,,F,Dollars,6,Business Data Collection - BDC,Industry by financial variable (NZSIOC Level 1),Sales (operating income),"Rental, Hiring and Real Estate Services",Current,Seasonally adjusted,
BDCQ.SF1LLCT,2016.06,6852.513,,R,Dollars,6,Business Data Collection - BDC,Industry by financial variable (NZSIOC Level 1),Sales (operating income),"Rental, Hiring and Real Estate Services",Current,Trend,
BDCQ.SF1LLCT,2016.09,6679.952,,R,Dollars,6,Business Data Collection - BDC,Industry by financial variable (NZSIOC Level 1),Sales (operating income),"Rental, Hiring and Real Estate Services",Current,Trend,
BDCQ.SF1LLCT,2016.12,6795.372,,R,Dollars,6,Business Data Collection - BDC,Industry by financial variable (NZSIOC Level 1),Sales (operating income),"Rental, Hiring and Real Estate Services",Current,Trend,
BDCQ.SF1LLCT,2017.03,6889.592,,R,Dollars,6,Business Data Collection - BDC,Industry by financial variable (NZSIOC Level 1),Sales (operating income),"Rental, Hiring and Real Estate Services",Current,Trend,
BDCQ.SF1LLCT,2017.06,6948.789,,R,Dollars,6,Business Data Collection - BDC,Industry by financial variable (NZSIOC Level 1),Sales (operating income),"Rental, Hiring and Real Estate Services",Current,Trend,
BDCQ.SF1LLCT,2017.09,7025.278,,R,Dollars,6,Business Data Collection - BDC,Industry by financial variable (NZSIOC Level 1),Sales (operating income),"Rental, Hiring and Real Estate Services",Current,Trend,
BDCQ.SF1LLCT,2017.12,7247.01,,R,Dollars,6,Business Data Collection - BDC,Industry by financial variable (NZSIOC Level 1),Sales (operating income),"Rental, Hiring and Real Estate Services",Current,Trend,
BDCQ.SF1LLCT,2018.03,7595.105,,R,Dollars,6,Business Data Collection - BDC,Industry by financial variable (NZSIOC Level 1),Sales (operating income),"Rental, Hiring and Real Estate Services",Current,Trend,
BDCQ.SF1LLCT,2018.06,7846.674,,R,Dollars,6,Business Data Collection - BDC,Industry by financial variable (NZSIOC Level 1),Sales (operating income),"Rental, Hiring and Real Estate Services",Current,Trend,
BDCQ.SF1LLCT,2018.09,7881.346,,R,Dollars,6,Business Data Collection - BDC,Industry by financial variable (NZSIOC Level 1),Sales (operating income),"Rental, Hiring and Real Estate Services",Current,Trend,
BDCQ.SF1LLCT,2018.12,7766.782,,R,Dollars,6,Business Data Collection - BDC,Industry by financial variable (NZSIOC Level 1),Sales (operating income),"Rental, Hiring and Real Estate Services",Current,Trend,
BDCQ.SF1LLCT,2019.03,7711.181,,R,Dollars,6,Business Data Collection - BDC,Industry by financial variable (NZSIOC Level 1),Sales (operating income),"Rental, Hiring and Real Estate Services",Current,Trend,
BDCQ.SF1LLCT,2019.06,7807.787,,R,Dollars,6,Business Data Collection - BDC,Industry by financial variable (NZSIOC Level 1),Sales (operating income),"Rental, Hiring and Real Estate Services",Current,Trend,
BDCQ.SF1LLCT,2019.09,7943.943,,R,Dollars,6,Business Data Collection - BDC,Industry by financial variable (NZSIOC Level 1),Sales (operating income),"Rental, Hiring and Real Estate Services",Current,Trend,
BDCQ.SF1LLCT,2019.12,8058.923,,R,Dollars,6,Business Data Collection - BDC,Industry by financial variable (NZSIOC Level 1),Sales (operating income),"Rental, Hiring and Real Estate Services",Current,Trend,
BDCQ.SF1LLCT,2020.03,8124.908,,R,Dollars,6,Business Data Collection - BDC,Industry by financial variable (NZSIOC Level 1),Sales (operating income),"Rental, Hiring and Real Estate Services",Current,Trend,
BDCQ.SF1LLCT,2020.06,,Y,C,Dollars,6,Business Data Collection - BDC,Industry by financial variable (NZSIOC Level 1),Sales (operating income),"Rental, Hiring and Real Estate Services",Current,Trend,
BDCQ.SF1LLCT,2020.09,,Y,C,Dollars,6,Business Data Collection - BDC,Industry by financial variable (NZSIOC Level 1),Sales (operating income),"Rental, Hiring and Real Estate Services",Current,Trend,
BDCQ.SF1LLCT,2020.12,,Y,C,Dollars,6,Business Data Collection - BDC,Industry by financial variable (NZSIOC Level 1),Sales (operating income),"Rental, Hiring and Real Estate Services",Current,Trend,
BDCQ.SF1LLCT,2021.03,,Y,C,Dollars,6,Business Data Collection - BDC,Industry by financial variable (NZSIOC Level 1),Sales (operating income),"Rental, Hiring and Real Estate Services",Current,Trend,
BDCQ.SF1LLCT,2021.06,,Y,C,Dollars,6,Business Data Collection - BDC,Industry by financial variable (NZSIOC Level 1),Sales (operating income),"Rental, Hiring and Real Estate Services",Current,Trend,
BDCQ.SF1LLCT,2021.09,,Y,C,Dollars,6,Business Data Collection - BDC,Industry by financial variable (NZSIOC Level 1),Sales (operating income),"Rental, Hiring and Real Estate Services",Current,Trend,
BDCQ.SF1MN1CA,2016.06,8922.96,,F,Dollars,6,Business Data Collection - BDC,Industry by financial variable (NZSIOC Level 2),Sales (operating income),"Professional, Scientific and Technical Services",Current prices,Unadjusted,
BDCQ.SF1MN1CA,2016.09,8981.226,,F,Dollars,6,Business Data Collection - BDC,Industry by financial variable (NZSIOC Level 2),Sales (operating income),"Professional, Scientific and Technical Services",Current prices,Unadjusted,
BDCQ.SF1MN1CA,2016.12,8898.923,,F,Dollars,6,Business Data Collection - BDC,Industry by financial variable (NZSIOC Level 2),Sales (operating income),"Professional, Scientific and Technical Services",Current prices,Unadjusted,
BDCQ.SF1MN1CA,2017.03,8367.531,,F,Dollars,6,Business Data Collection - BDC,Industry by financial variable (NZSIOC Level 2),Sales (operating income),"Professional, Scientific and Technical Services",Current prices,Unadjusted,
BDCQ.SF1MN1CA,2017.06,9449.473,,F,Dollars,6,Business Data Collection - BDC,Industry by financial variable (NZSIOC Level 2),Sales (operating income),"Professional, Scientific and Technical Services",Current prices,Unadjusted,
BDCQ.SF1MN1CA,2017.09,9623.008,,F,Dollars,6,Business Data Collection - BDC,Industry by financial variable (NZSIOC Level 2),Sales (operating income),"Professional, Scientific and Technical Services",Current prices,Unadjusted,
BDCQ.SF1MN1CA,2017.12,9706.324,,F,Dollars,6,Business Data Collection - BDC,Industry by financial variable (NZSIOC Level 2),Sales (operating income),"Professional, Scientific and Technical Services",Current prices,Unadjusted,
BDCQ.SF1MN1CA,2018.03,9008.065,,F,Dollars,6,Business Data Collection - BDC,Industry by financial variable (NZSIOC Level 2),Sales (operating income),"Professional, Scientific and Technical Services",Current prices,Unadjusted,
BDCQ.SF1MN1CA,2018.06,10314.332,,F,Dollars,6,Business Data Collection - BDC,Industry by financial variable (NZSIOC Level 2),Sales (operating income),"Professional, Scientific and Technical Services",Current prices,Unadjusted,
BDCQ.SF1MN1CA,2018.09,10362.386,,F,Dollars,6,Business Data Collection - BDC,Industry by financial variable (NZSIOC Level 2),Sales (operating income),"Professional, Scientific and Technical Services",Current prices,Unadjusted,
BDCQ.SF1MN1CA,2018.12,10517.105,,F,Dollars,6,Business Data Collection - BDC,Industry by financial variable (NZSIOC Level 2),Sales (operating income),"Professional, Scientific and Technical Services",Current prices,Unadjusted,
BDCQ.SF1MN1CA,2019.03,9748.995,,F,Dollars,6,Business Data Collection - BDC,Industry by financial variable (NZSIOC Level 2),Sales (operating income),"Professional, Scientific and Technical Services",Current prices,Unadjusted,
BDCQ.SF1MN1CA,2019.06,10992.6,,F,Dollars,6,Business Data Collection - BDC,Industry by financial variable (NZSIOC Level 2),Sales (operating income),"Professional, Scientific and Technical Services",Current prices,Unadjusted,
BDCQ.SF1MN1CA,2019.09,11438.635,,F,Dollars,6,Business Data Collection - BDC,Industry by financial variable (NZSIOC Level 2),Sales (operating income),"Professional, Scientific and Technical Services",Current prices,Unadjusted,
BDCQ.SF1MN1CA,2019.12,11186.733,,F,Dollars,6,Business Data Collection - BDC,Industry by financial variable (NZSIOC Level 2),Sales (operating income),"Professional, Scientific and Technical Services",Current prices,Unadjusted,
BDCQ.SF1MN1CA,2020.03,10368.379,,F,Dollars,6,Business Data Collection - BDC,Industry by financial variable (NZSIOC Level 2),Sales (operating income),"Professional, Scientific and Technical Services",Current prices,Unadjusted,
BDCQ.SF1MN1CA,2020.06,10325.661,,F,Dollars,6,Business Data Collection - BDC,Industry by financial variable (NZSIOC Level 2),Sales (operating income),"Professional, Scientific and Technical Services",Current prices,Unadjusted,
BDCQ.SF1MN1CA,2020.09,11440.003,,F,Dollars,6,Business Data Collection - BDC,Industry by financial variable (NZSIOC Level 2),Sales (operating income),"Professional, Scientific and Technical Services",Current prices,Unadjusted,
BDCQ.SF1MN1CA,2020.12,11390.721,,F,Dollars,6,Business Data Collection - BDC,Industry by financial variable (NZSIOC Level 2),Sales (operating income),"Professional, Scientific and Technical Services",Current prices,Unadjusted,
BDCQ.SF1MN1CA,2021.03,10721.159,,F,Dollars,6,Business Data Collection - BDC,Industry by financial variable (NZSIOC Level 2),Sales (operating income),"Professional, Scientific and Technical Services",Current prices,Unadjusted,
BDCQ.SF1MN1CA,2021.06,12513.83,,F,Dollars,6,Business Data Collection - BDC,Industry by financial variable (NZSIOC Level 2),Sales (operating income),"Professional, Scientific and Technical Services",Current prices,Unadjusted,
BDCQ.SF1MN1CA,2021.09,12608.398,,F,Dollars,6,Business Data Collection - BDC,Industry by financial variable (NZSIOC Level 2),Sales (operating income),"Professional, Scientific and Technical Services",Current prices,Unadjusted,
BDCQ.SF1MN1CS,2016.06,8650.936,,R,Dollars,6,Business Data Collection - BDC,Industry by financial variable (NZSIOC Level 2),Sales (operating income),"Professional, Scientific and Technical Services",Current prices,Seasonally adjusted,
BDCQ.SF1MN1CS,2016.09,8730.825,,R,Dollars,6,Business Data Collection - BDC,Industry by financial variable (NZSIOC Level 2),Sales (operating income),"Professional, Scientific and Technical Services",Current prices,Seasonally adjusted,
BDCQ.SF1MN1CS,2016.12,8725.427,,R,Dollars,6,Business Data Collection - BDC,Industry by financial variable (NZSIOC Level 2),Sales (operating income),"Professional, Scientific and Technical Services",Current prices,Seasonally adjusted,
BDCQ.SF1MN1CS,2017.03,9076.615,,R,Dollars,6,Business Data Collection - BDC,Industry by financial variable (NZSIOC Level 2),Sales (operating income),"Professional, Scientific and Technical Services",Current prices,Seasonally adjusted,
BDCQ.SF1MN1CS,2017.06,9178.094,,R,Dollars,6,Business Data Collection - BDC,Industry by financial variable (NZSIOC Level 2),Sales (operating income),"Professional, Scientific and Technical Services",Current prices,Seasonally adjusted,
BDCQ.SF1MN1CS,2017.09,9348.182,,R,Dollars,6,Business Data Collection - BDC,Industry by financial variable (NZSIOC Level 2),Sales (operating income),"Professional, Scientific and Technical Services",Current prices,Seasonally adjusted,
BDCQ.SF1MN1CS,2017.12,9541.09,,R,Dollars,6,Business Data Collection - BDC,Industry by financial variable (NZSIOC Level 2),Sales (operating income),"Professional, Scientific and Technical Services",Current prices,Seasonally adjusted,
BDCQ.SF1MN1CS,2018.03,9749.971,,R,Dollars,6,Business Data Collection - BDC,Industry by financial variable (NZSIOC Level 2),Sales (operating income),"Professional, Scientific and Technical Services",Current prices,Seasonally adjusted,
BDCQ.SF1MN1CS,2018.06,10015.033,,R,Dollars,6,Business Data Collection - BDC,Industry by financial variable (NZSIOC Level 2),Sales (operating income),"Professional, Scientific and Technical Services",Current prices,Seasonally adjusted,
BDCQ.SF1MN1CS,2018.09,10054.143,,R,Dollars,6,Business Data Collection - BDC,Industry by financial variable (NZSIOC Level 2),Sales (operating income),"Professional, Scientific and Technical Services",Current prices,Seasonally adjusted,
BDCQ.SF1MN1CS,2018.12,10373.853,,R,Dollars,6,Business Data Collection - BDC,Industry by financial variable (NZSIOC Level 2),Sales (operating income),"Professional, Scientific and Technical Services",Current prices,Seasonally adjusted,
BDCQ.SF1MN1CS,2019.03,10543.613,,R,Dollars,6,Business Data Collection - BDC,Industry by financial variable (NZSIOC Level 2),Sales (operating income),"Professional, Scientific and Technical Services",Current prices,Seasonally adjusted,
BDCQ.SF1MN1CS,2019.06,10651.321,,R,Dollars,6,Business Data Collection - BDC,Industry by financial variable (NZSIOC Level 2),Sales (operating income),"Professional, Scientific and Technical Services",Current prices,Seasonally adjusted,
BDCQ.SF1MN1CS,2019.09,11095.668,,R,Dollars,6,Business Data Collection - BDC,Industry by financial variable (NZSIOC Level 2),Sales (operating income),"Professional, Scientific and Technical Services",Current prices,Seasonally adjusted,
BDCQ.SF1MN1CS,2019.12,11060.939,,R,Dollars,6,Business Data Collection - BDC,Industry by financial variable (NZSIOC Level 2),Sales (operating income),"Professional, Scientific and Technical Services",Current prices,Seasonally adjusted,
BDCQ.SF1MN1CS,2020.03,11212.52,,R,Dollars,6,Business Data Collection - BDC,Industry by financial variable (NZSIOC Level 2),Sales (operating income),"Professional, Scientific and Technical Services",Current prices,Seasonally adjusted,
BDCQ.SF1MN1CS,2020.06,9991.993,,R,Dollars,6,Business Data Collection - BDC,Industry by financial variable (NZSIOC Level 2),Sales (operating income),"Professional, Scientific and Technical Services",Current prices,Seasonally adjusted,
BDCQ.SF1MN1CS,2020.09,11089.099,,R,Dollars,6,Business Data Collection - BDC,Industry by financial variable (NZSIOC Level 2),Sales (operating income),"Professional, Scientific and Technical Services",Current prices,Seasonally adjusted,
BDCQ.SF1MN1CS,2020.12,11278.982,,R,Dollars,6,Business Data Collection - BDC,Industry by financial variable (NZSIOC Level 2),Sales (operating income),"Professional, Scientific and Technical Services",Current prices,Seasonally adjusted,
BDCQ.SF1MN1CS,2021.03,11599.848,,R,Dollars,6,Business Data Collection - BDC,Industry by financial variable (NZSIOC Level 2),Sales (operating income),"Professional, Scientific and Technical Services",Current prices,Seasonally adjusted,
BDCQ.SF1MN1CS,2021.06,12097.469,,R,Dollars,6,Business Data Collection - BDC,Industry by financial variable (NZSIOC Level 2),Sales (operating income),"Professional, Scientific and Technical Services",Current prices,Seasonally adjusted,
BDCQ.SF1MN1CS,2021.09,12214.884,,F,Dollars,6,Business Data Collection - BDC,Industry by financial variable (NZSIOC Level 2),Sales (operating income),"Professional, Scientific and Technical Services",Current prices,Seasonally adjusted,
BDCQ.SF1MN1CT,2016.06,8675.907,,R,Dollars,6,Business Data Collection - BDC,Industry by financial variable (NZSIOC Level 2),Sales (operating income),"Professional, Scientific and Technical Services",Current prices,Trend,
BDCQ.SF1MN1CT,2016.09,8681.121,,R,Dollars,6,Business Data Collection - BDC,Industry by financial variable (NZSIOC Level 2),Sales (operating income),"Professional, Scientific and Technical Services",Current prices,Trend,
BDCQ.SF1MN1CT,2016.12,8802.39,,R,Dollars,6,Business Data Collection - BDC,Industry by financial variable (NZSIOC Level 2),Sales (operating income),"Professional, Scientific and Technical Services",Current prices,Trend,
BDCQ.SF1MN1CT,2017.03,9008.723,,R,Dollars,6,Business Data Collection - BDC,Industry by financial variable (NZSIOC Level 2),Sales (operating income),"Professional, Scientific and Technical Services",Current prices,Trend,
BDCQ.SF1MN1CT,2017.06,9204.829,,R,Dollars,6,Business Data Collection - BDC,Industry by financial variable (NZSIOC Level 2),Sales (operating income),"Professional, Scientific and Technical Services",Current prices,Trend,
BDCQ.SF1MN1CT,2017.09,9345.323,,R,Dollars,6,Business Data Collection - BDC,Industry by financial variable (NZSIOC Level 2),Sales (operating income),"Professional, Scientific and Technical Services",Current prices,Trend,
BDCQ.SF1MN1CT,2017.12,9537.635,,R,Dollars,6,Business Data Collection - BDC,Industry by financial variable (NZSIOC Level 2),Sales (operating income),"Professional, Scientific and Technical Services",Current prices,Trend,
BDCQ.SF1MN1CT,2018.03,9773.639,,R,Dollars,6,Business Data Collection - BDC,Industry by financial variable (NZSIOC Level 2),Sales (operating income),"Professional, Scientific and Technical Services",Current prices,Trend,
BDCQ.SF1MN1CT,2018.06,9957.122,,R,Dollars,6,Business Data Collection - BDC,Industry by financial variable (NZSIOC Level 2),Sales (operating income),"Professional, Scientific and Technical Services",Current prices,Trend,
BDCQ.SF1MN1CT,2018.09,10122.951,,R,Dollars,6,Business Data Collection - BDC,Industry by financial variable (NZSIOC Level 2),Sales (operating income),"Professional, Scientific and Technical Services",Current prices,Trend,
BDCQ.SF1MN1CT,2018.12,10335.785,,R,Dollars,6,Business Data Collection - BDC,Industry by financial variable (NZSIOC Level 2),Sales (operating income),"Professional, Scientific and Technical Services",Current prices,Trend,
BDCQ.SF1MN1CT,2019.03,10521.791,,R,Dollars,6,Business Data Collection - BDC,Industry by financial variable (NZSIOC Level 2),Sales (operating income),"Professional, Scientific and Technical Services",Current prices,Trend,
BDCQ.SF1MN1CT,2019.06,10736.497,,R,Dollars,6,Business Data Collection - BDC,Industry by financial variable (NZSIOC Level 2),Sales (operating income),"Professional, Scientific and Technical Services",Current prices,Trend,
BDCQ.SF1MN1CT,2019.09,10979.308,,R,Dollars,6,Business Data Collection - BDC,Industry by financial variable (NZSIOC Level 2),Sales (operating income),"Professional, Scientific and Technical Services",Current prices,Trend,
BDCQ.SF1MN1CT,2019.12,11134.016,,R,Dollars,6,Business Data Collection - BDC,Industry by financial variable (NZSIOC Level 2),Sales (operating income),"Professional, Scientific and Technical Services",Current prices,Trend,
BDCQ.SF1MN1CT,2020.03,11173.024,,R,Dollars,6,Business Data Collection - BDC,Industry by financial variable (NZSIOC Level 2),Sales (operating income),"Professional, Scientific and Technical Services",Current prices,Trend,
BDCQ.SF1MN1CT,2020.06,,Y,C,Dollars,6,Business Data Collection - BDC,Industry by financial variable (NZSIOC Level 2),Sales (operating income),"Professional, Scientific and Technical Services",Current prices,Trend,
BDCQ.SF1MN1CT,2020.09,,Y,C,Dollars,6,Business Data Collection - BDC,Industry by financial variable (NZSIOC Level 2),Sales (operating income),"Professional, Scientific and Technical Services",Current prices,Trend,
BDCQ.SF1MN1CT,2020.12,,Y,C,Dollars,6,Business Data Collection - BDC,Industry by financial variable (NZSIOC Level 2),Sales (operating income),"Professional, Scientific and Technical Services",Current prices,Trend,
BDCQ.SF1MN1CT,2021.03,,Y,C,Dollars,6,Business Data Collection - BDC,Industry by financial variable (NZSIOC Level 2),Sales (operating income),"Professional, Scientific and Technical Services",Current prices,Trend,
BDCQ.SF1MN1CT,2021.06,,Y,C,Dollars,6,Business Data Collection - BDC,Industry by financial variable (NZSIOC Level 2),Sales (operating income),"Professional, Scientific and Technical Services",Current prices,Trend,
BDCQ.SF1MN1CT,2021.09,,Y,C,Dollars,6,Business Data Collection - BDC,Industry by financial variable (NZSIOC Level 2),Sales (operating income),"Professional, Scientific and Technical Services",Current prices,Trend,
BDCQ.SF1MN2CA,2016.06,4110.343,,F,Dollars,6,Business Data Collection - BDC,Industry by financial variable (NZSIOC Level 2),Sales (operating income),Administrative and Support Services,Current prices,Unadjusted,
BDCQ.SF1MN2CA,2016.09,3983.202,,F,Dollars,6,Business Data Collection - BDC,Industry by financial variable (NZSIOC Level 2),Sales (operating income),Administrative and Support Services,Current prices,Unadjusted,
BDCQ.SF1MN2CA,2016.12,3819.844,,F,Dollars,6,Business Data Collection - BDC,Industry by financial variable (NZSIOC Level 2),Sales (operating income),Administrative and Support Services,Current prices,Unadjusted,
BDCQ.SF1MN2CA,2017.03,3712.874,,F,Dollars,6,Business Data Collection - BDC,Industry by financial variable (NZSIOC Level 2),Sales (operating income),Administrative and Support Services,Current prices,Unadjusted,
BDCQ.SF1MN2CA,2017.06,4326.216,,F,Dollars,6,Business Data Collection - BDC,Industry by financial variable (NZSIOC Level 2),Sales (operating income),Administrative and Support Services,Current prices,Unadjusted,
BDCQ.SF1MN2CA,2017.09,4161.829,,F,Dollars,6,Business Data Collection - BDC,Industry by financial variable (NZSIOC Level 2),Sales (operating income),Administrative and Support Services,Current prices,Unadjusted,
BDCQ.SF1MN2CA,2017.12,4204.047,,F,Dollars,6,Business Data Collection - BDC,Industry by financial variable (NZSIOC Level 2),Sales (operating income),Administrative and Support Services,Current prices,Unadjusted,
BDCQ.SF1MN2CA,2018.03,4122.543,,F,Dollars,6,Business Data Collection - BDC,Industry by financial variable (NZSIOC Level 2),Sales (operating income),Administrative and Support Services,Current prices,Unadjusted,
BDCQ.SF1MN2CA,2018.06,4957,,F,Dollars,6,Business Data Collection - BDC,Industry by financial variable (NZSIOC Level 2),Sales (operating income),Administrative and Support Services,Current prices,Unadjusted,
BDCQ.SF1MN2CA,2018.09,4548.408,,F,Dollars,6,Business Data Collection - BDC,Industry by financial variable (NZSIOC Level 2),Sales (operating income),Administrative and Support Services,Current prices,Unadjusted,
BDCQ.SF1MN2CA,2018.12,4444.511,,F,Dollars,6,Business Data Collection - BDC,Industry by financial variable (NZSIOC Level 2),Sales (operating income),Administrative and Support Services,Current prices,Unadjusted,
BDCQ.SF1MN2CA,2019.03,4284.569,,F,Dollars,6,Business Data Collection - BDC,Industry by financial variable (NZSIOC Level 2),Sales (operating income),Administrative and Support Services,Current prices,Unadjusted,
BDCQ.SF1MN2CA,2019.06,4741.07,,F,Dollars,6,Business Data Collection - BDC,Industry by financial variable (NZSIOC Level 2),Sales (operating income),Administrative and Support Services,Current prices,Unadjusted,
BDCQ.SF1MN2CA,2019.09,4701.596,,F,Dollars,6,Business Data Collection - BDC,Industry by financial variable (NZSIOC Level 2),Sales (operating income),Administrative and Support Services,Current prices,Unadjusted,
BDCQ.SF1MN2CA,2019.12,4640.222,,F,Dollars,6,Business Data Collection - BDC,Industry by financial variable (NZSIOC Level 2),Sales (operating income),Administrative and Support Services,Current prices,Unadjusted,
BDCQ.SF1MN2CA,2020.03,4098.939,,F,Dollars,6,Business Data Collection - BDC,Industry by financial variable (NZSIOC Level 2),Sales (operating income),Administrative and Support Services,Current prices,Unadjusted,
BDCQ.SF1MN2CA,2020.06,3359.765,,F,Dollars,6,Business Data Collection - BDC,Industry by financial variable (NZSIOC Level 2),Sales (operating income),Administrative and Support Services,Current prices,Unadjusted,
BDCQ.SF1MN2CA,2020.09,3598.883,,F,Dollars,6,Business Data Collection - BDC,Industry by financial variable (NZSIOC Level 2),Sales (operating income),Administrative and Support Services,Current prices,Unadjusted,
BDCQ.SF1MN2CA,2020.12,3477.116,,F,Dollars,6,Business Data Collection - BDC,Industry by financial variable (NZSIOC Level 2),Sales (operating income),Administrative and Support Services,Current prices,Unadjusted,
BDCQ.SF1MN2CA,2021.03,3243.002,,F,Dollars,6,Business Data Collection - BDC,Industry by financial variable (NZSIOC Level 2),Sales (operating income),Administrative and Support Services,Current prices,Unadjusted,
BDCQ.SF1MN2CA,2021.06,4450.635,,F,Dollars,6,Business Data Collection - BDC,Industry by financial variable (NZSIOC Level 2),Sales (operating income),Administrative and Support Services,Current prices,Unadjusted,
BDCQ.SF1MN2CA,2021.09,4115.4,,F,Dollars,6,Business Data Collection - BDC,Industry by financial variable (NZSIOC Level 2),Sales (operating income),Administrative and Support Services,Current prices,Unadjusted,
BDCQ.SF1MN2CS,2016.06,3850.417,,R,Dollars,6,Business Data Collection - BDC,Industry by financial variable (NZSIOC Level 2),Sales (operating income),Administrative and Support Services,Current prices,Seasonally adjusted,
BDCQ.SF1MN2CS,2016.09,3976.157,,R,Dollars,6,Business Data Collection - BDC,Industry by financial variable (NZSIOC Level 2),Sales (operating income),Administrative and Support Services,Current prices,Seasonally adjusted,
BDCQ.SF1MN2CS,2016.12,3858.045,,R,Dollars,6,Business Data Collection - BDC,Industry by financial variable (NZSIOC Level 2),Sales (operating income),Administrative and Support Services,Current prices,Seasonally adjusted,
BDCQ.SF1MN2CS,2017.03,3940.435,,R,Dollars,6,Business Data Collection - BDC,Industry by financial variable (NZSIOC Level 2),Sales (operating income),Administrative and Support Services,Current prices,Seasonally adjusted,
BDCQ.SF1MN2CS,2017.06,4061.041,,R,Dollars,6,Business Data Collection - BDC,Industry by financial variable (NZSIOC Level 2),Sales (operating income),Administrative and Support Services,Current prices,Seasonally adjusted,
BDCQ.SF1MN2CS,2017.09,4156.056,,R,Dollars,6,Business Data Collection - BDC,Industry by financial variable (NZSIOC Level 2),Sales (operating income),Administrative and Support Services,Current prices,Seasonally adjusted,
BDCQ.SF1MN2CS,2017.12,4241.597,,R,Dollars,6,Business Data Collection - BDC,Industry by financial variable (NZSIOC Level 2),Sales (operating income),Administrative and Support Services,Current prices,Seasonally adjusted,
BDCQ.SF1MN2CS,2018.03,4369.731,,R,Dollars,6,Business Data Collection - BDC,Industry by financial variable (NZSIOC Level 2),Sales (operating income),Administrative and Support Services,Current prices,Seasonally adjusted,
BDCQ.SF1MN2CS,2018.06,4660.838,,R,Dollars,6,Business Data Collection - BDC,Industry by financial variable (NZSIOC Level 2),Sales (operating income),Administrative and Support Services,Current prices,Seasonally adjusted,
BDCQ.SF1MN2CS,2018.09,4543.706,,R,Dollars,6,Business Data Collection - BDC,Industry by financial variable (NZSIOC Level 2),Sales (operating income),Administrative and Support Services,Current prices,Seasonally adjusted,
BDCQ.SF1MN2CS,2018.12,4479.439,,R,Dollars,6,Business Data Collection - BDC,Industry by financial variable (NZSIOC Level 2),Sales (operating income),Administrative and Support Services,Current prices,Seasonally adjusted,
BDCQ.SF1MN2CS,2019.03,4538.261,,R,Dollars,6,Business Data Collection - BDC,Industry by financial variable (NZSIOC Level 2),Sales (operating income),Administrative and Support Services,Current prices,Seasonally adjusted,
BDCQ.SF1MN2CS,2019.06,4462.278,,R,Dollars,6,Business Data Collection - BDC,Industry by financial variable (NZSIOC Level 2),Sales (operating income),Administrative and Support Services,Current prices,Seasonally adjusted,
BDCQ.SF1MN2CS,2019.09,4699.252,,R,Dollars,6,Business Data Collection - BDC,Industry by financial variable (NZSIOC Level 2),Sales (operating income),Administrative and Support Services,Current prices,Seasonally adjusted,
BDCQ.SF1MN2CS,2019.12,4672.969,,R,Dollars,6,Business Data Collection - BDC,Industry by financial variable (NZSIOC Level 2),Sales (operating income),Administrative and Support Services,Current prices,Seasonally adjusted,
BDCQ.SF1MN2CS,2020.03,4339.622,,R,Dollars,6,Business Data Collection - BDC,Industry by financial variable (NZSIOC Level 2),Sales (operating income),Administrative and Support Services,Current prices,Seasonally adjusted,
BDCQ.SF1MN2CS,2020.06,3162.599,,R,Dollars,6,Business Data Collection - BDC,Industry by financial variable (NZSIOC Level 2),Sales (operating income),Administrative and Support Services,Current prices,Seasonally adjusted,
BDCQ.SF1MN2CS,2020.09,3602.162,,R,Dollars,6,Business Data Collection - BDC,Industry by financial variable (NZSIOC Level 2),Sales (operating income),Administrative and Support Services,Current prices,Seasonally adjusted,
BDCQ.SF1MN2CS,2020.12,3497.894,,R,Dollars,6,Business Data Collection - BDC,Industry by financial variable (NZSIOC Level 2),Sales (operating income),Administrative and Support Services,Current prices,Seasonally adjusted,
BDCQ.SF1MN2CS,2021.03,3430.824,,R,Dollars,6,Business Data Collection - BDC,Industry by financial variable (NZSIOC Level 2),Sales (operating income),Administrative and Support Services,Current prices,Seasonally adjusted,
BDCQ.SF1MN2CS,2021.06,4190.797,,R,Dollars,6,Business Data Collection - BDC,Industry by financial variable (NZSIOC Level 2),Sales (operating income),Administrative and Support Services,Current prices,Seasonally adjusted,
BDCQ.SF1MN2CS,2021.09,4126.133,,F,Dollars,6,Business Data Collection - BDC,Industry by financial variable (NZSIOC Level 2),Sales (operating income),Administrative and Support Services,Current prices,Seasonally adjusted,
BDCQ.SF1MN2CT,2016.06,3896.338,,R,Dollars,6,Business Data Collection - BDC,Industry by financial variable (NZSIOC Level 2),Sales (operating income),Administrative and Support Services,Current prices,Trend,
BDCQ.SF1MN2CT,2016.09,3899.927,,R,Dollars,6,Business Data Collection - BDC,Industry by financial variable (NZSIOC Level 2),Sales (operating income),Administrative and Support Services,Current prices,Trend,
BDCQ.SF1MN2CT,2016.12,3896.308,,R,Dollars,6,Business Data Collection - BDC,Industry by financial variable (NZSIOC Level 2),Sales (operating income),Administrative and Support Services,Current prices,Trend,
BDCQ.SF1MN2CT,2017.03,3934.774,,R,Dollars,6,Business Data Collection - BDC,Industry by financial variable (NZSIOC Level 2),Sales (operating income),Administrative and Support Services,Current prices,Trend,
BDCQ.SF1MN2CT,2017.06,4055.173,,R,Dollars,6,Business Data Collection - BDC,Industry by financial variable (NZSIOC Level 2),Sales (operating income),Administrative and Support Services,Current prices,Trend,
BDCQ.SF1MN2CT,2017.09,4153.416,,R,Dollars,6,Business Data Collection - BDC,Industry by financial variable (NZSIOC Level 2),Sales (operating income),Administrative and Support Services,Current prices,Trend,
BDCQ.SF1MN2CT,2017.12,4238.586,,R,Dollars,6,Business Data Collection - BDC,Industry by financial variable (NZSIOC Level 2),Sales (operating income),Administrative and Support Services,Current prices,Trend,
BDCQ.SF1MN2CT,2018.03,4412.493,,R,Dollars,6,Business Data Collection - BDC,Industry by financial variable (NZSIOC Level 2),Sales (operating income),Administrative and Support Services,Current prices,Trend,
BDCQ.SF1MN2CT,2018.06,4569.765,,R,Dollars,6,Business Data Collection - BDC,Industry by financial variable (NZSIOC Level 2),Sales (operating income),Administrative and Support Services,Current prices,Trend,
BDCQ.SF1MN2CT,2018.09,4564.388,,R,Dollars,6,Business Data Collection - BDC,Industry by financial variable (NZSIOC Level 2),Sales (operating income),Administrative and Support Services,Current prices,Trend,
BDCQ.SF1MN2CT,2018.12,4500.239,,R,Dollars,6,Business Data Collection - BDC,Industry by financial variable (NZSIOC Level 2),Sales (operating income),Administrative and Support Services,Current prices,Trend,
BDCQ.SF1MN2CT,2019.03,4507.635,,R,Dollars,6,Business Data Collection - BDC,Industry by financial variable (NZSIOC Level 2),Sales (operating income),Administrative and Support Services,Current prices,Trend,
BDCQ.SF1MN2CT,2019.06,4577.823,,R,Dollars,6,Business Data Collection - BDC,Industry by financial variable (NZSIOC Level 2),Sales (operating income),Administrative and Support Services,Current prices,Trend,
BDCQ.SF1MN2CT,2019.09,4681.347,,R,Dollars,6,Business Data Collection - BDC,Industry by financial variable (NZSIOC Level 2),Sales (operating income),Administrative and Support Services,Current prices,Trend,
BDCQ.SF1MN2CT,2019.12,4647.873,,R,Dollars,6,Business Data Collection - BDC,Industry by financial variable (NZSIOC Level 2),Sales (operating income),Administrative and Support Services,Current prices,Trend,
BDCQ.SF1MN2CT,2020.03,4343.509,,R,Dollars,6,Business Data Collection - BDC,Industry by financial variable (NZSIOC Level 2),Sales (operating income),Administrative and Support Services,Current prices,Trend,
BDCQ.SF1MN2CT,2020.06,,Y,C,Dollars,6,Business Data Collection - BDC,Industry by financial variable (NZSIOC Level 2),Sales (operating income),Administrative and Support Services,Current prices,Trend,
BDCQ.SF1MN2CT,2020.09,,Y,C,Dollars,6,Business Data Collection - BDC,Industry by financial variable (NZSIOC Level 2),Sales (operating income),Administrative and Support Services,Current prices,Trend,
BDCQ.SF1MN2CT,2020.12,,Y,C,Dollars,6,Business Data Collection - BDC,Industry by financial variable (NZSIOC Level 2),Sales (operating income),Administrative and Support Services,Current prices,Trend,
BDCQ.SF1MN2CT,2021.03,,Y,C,Dollars,6,Business Data Collection - BDC,Industry by financial variable (NZSIOC Level 2),Sales (operating income),Administrative and Support Services,Current prices,Trend,
BDCQ.SF1MN2CT,2021.06,,Y,C,Dollars,6,Business Data Collection - BDC,Industry by financial variable (NZSIOC Level 2),Sales (operating income),Administrative and Support Services,Current prices,Trend,
BDCQ.SF1MN2CT,2021.09,,Y,C,Dollars,6,Business Data Collection - BDC,Industry by financial variable (NZSIOC Level 2),Sales (operating income),Administrative and Support Services,Current prices,Trend,
BDCQ.SF1MNCA,2016.06,13047.16,,F,Dollars,6,Business Data Collection - BDC,Industry by financial variable (NZSIOC Level 1),Sales (operating income),"Professional, Scientific, Technical, Administrative and Support Services",Current,Unadjusted,
BDCQ.SF1MNCA,2016.09,12972.527,,F,Dollars,6,Business Data Collection - BDC,Industry by financial variable (NZSIOC Level 1),Sales (operating income),"Professional, Scientific, Technical, Administrative and Support Services",Current,Unadjusted,
BDCQ.SF1MNCA,2016.12,12725.845,,F,Dollars,6,Business Data Collection - BDC,Industry by financial variable (NZSIOC Level 1),Sales (operating income),"Professional, Scientific, Technical, Administrative and Support Services",Current,Unadjusted,
BDCQ.SF1MNCA,2017.03,12091.179,,F,Dollars,6,Business Data Collection - BDC,Industry by financial variable (NZSIOC Level 1),Sales (operating income),"Professional, Scientific, Technical, Administrative and Support Services",Current,Unadjusted,
BDCQ.SF1MNCA,2017.06,13788.058,,F,Dollars,6,Business Data Collection - BDC,Industry by financial variable (NZSIOC Level 1),Sales (operating income),"Professional, Scientific, Technical, Administrative and Support Services",Current,Unadjusted,
BDCQ.SF1MNCA,2017.09,13772.667,,F,Dollars,6,Business Data Collection - BDC,Industry by financial variable (NZSIOC Level 1),Sales (operating income),"Professional, Scientific, Technical, Administrative and Support Services",Current,Unadjusted,
BDCQ.SF1MNCA,2017.12,13909.267,,F,Dollars,6,Business Data Collection - BDC,Industry by financial variable (NZSIOC Level 1),Sales (operating income),"Professional, Scientific, Technical, Administrative and Support Services",Current,Unadjusted,
BDCQ.SF1MNCA,2018.03,13128.303,,F,Dollars,6,Business Data Collection - BDC,Industry by financial variable (NZSIOC Level 1),Sales (operating income),"Professional, Scientific, Technical, Administrative and Support Services",Current,Unadjusted,
BDCQ.SF1MNCA,2018.06,15268.804,,F,Dollars,6,Business Data Collection - BDC,Industry by financial variable (NZSIOC Level 1),Sales (operating income),"Professional, Scientific, Technical, Administrative and Support Services",Current,Unadjusted,
BDCQ.SF1MNCA,2018.09,14908.758,,F,Dollars,6,Business Data Collection - BDC,Industry by financial variable (NZSIOC Level 1),Sales (operating income),"Professional, Scientific, Technical, Administrative and Support Services",Current,Unadjusted,
BDCQ.SF1MNCA,2018.12,14959.931,,F,Dollars,6,Business Data Collection - BDC,Industry by financial variable (NZSIOC Level 1),Sales (operating income),"Professional, Scientific, Technical, Administrative and Support Services",Current,Unadjusted,
BDCQ.SF1MNCA,2019.03,14039.008,,F,Dollars,6,Business Data Collection - BDC,Industry by financial variable (NZSIOC Level 1),Sales (operating income),"Professional, Scientific, Technical, Administrative and Support Services",Current,Unadjusted,
BDCQ.SF1MNCA,2019.06,15738.897,,F,Dollars,6,Business Data Collection - BDC,Industry by financial variable (NZSIOC Level 1),Sales (operating income),"Professional, Scientific, Technical, Administrative and Support Services",Current,Unadjusted,
BDCQ.SF1MNCA,2019.09,16148.297,,F,Dollars,6,Business Data Collection - BDC,Industry by financial variable (NZSIOC Level 1),Sales (operating income),"Professional, Scientific, Technical, Administrative and Support Services",Current,Unadjusted,
BDCQ.SF1MNCA,2019.12,15832.453,,F,Dollars,6,Business Data Collection - BDC,Industry by financial variable (NZSIOC Level 1),Sales (operating income),"Professional, Scientific, Technical, Administrative and Support Services",Current,Unadjusted,
BDCQ.SF1MNCA,2020.03,14473.174,,F,Dollars,6,Business Data Collection - BDC,Industry by financial variable (NZSIOC Level 1),Sales (operating income),"Professional, Scientific, Technical, Administrative and Support Services",Current,Unadjusted,
BDCQ.SF1MNCA,2020.06,13685.426,,F,Dollars,6,Business Data Collection - BDC,Industry by financial variable (NZSIOC Level 1),Sales (operating income),"Professional, Scientific, Technical, Administrative and Support Services",Current,Unadjusted,
BDCQ.SF1MNCA,2020.09,15038.886,,F,Dollars,6,Business Data Collection - BDC,Industry by financial variable (NZSIOC Level 1),Sales (operating income),"Professional, Scientific, Technical, Administrative and Support Services",Current,Unadjusted,
BDCQ.SF1MNCA,2020.12,14867.837,,F,Dollars,6,Business Data Collection - BDC,Industry by financial variable (NZSIOC Level 1),Sales (operating income),"Professional, Scientific, Technical, Administrative and Support Services",Current,Unadjusted,
BDCQ.SF1MNCA,2021.03,13964.161,,F,Dollars,6,Business Data Collection - BDC,Industry by financial variable (NZSIOC Level 1),Sales (operating income),"Professional, Scientific, Technical, Administrative and Support Services",Current,Unadjusted,
BDCQ.SF1MNCA,2021.06,16964.465,,F,Dollars,6,Business Data Collection - BDC,Industry by financial variable (NZSIOC Level 1),Sales (operating income),"Professional, Scientific, Technical, Administrative and Support Services",Current,Unadjusted,
BDCQ.SF1MNCA,2021.09,16723.798,,F,Dollars,6,Business Data Collection - BDC,Industry by financial variable (NZSIOC Level 1),Sales (operating income),"Professional, Scientific, Technical, Administrative and Support Services",Current,Unadjusted,
BDCQ.SF1MNCS,2016.06,12515.863,,R,Dollars,6,Business Data Collection - BDC,Industry by financial variable (NZSIOC Level 1),Sales (operating income),"Professional, Scientific, Technical, Administrative and Support Services",Current,Seasonally adjusted,
BDCQ.SF1MNCS,2016.09,12672.759,,R,Dollars,6,Business Data Collection - BDC,Industry by financial variable (NZSIOC Level 1),Sales (operating income),"Professional, Scientific, Technical, Administrative and Support Services",Current,Seasonally adjusted,
BDCQ.SF1MNCS,2016.12,12585.386,,R,Dollars,6,Business Data Collection - BDC,Industry by financial variable (NZSIOC Level 1),Sales (operating income),"Professional, Scientific, Technical, Administrative and Support Services",Current,Seasonally adjusted,
BDCQ.SF1MNCS,2017.03,13041.567,,R,Dollars,6,Business Data Collection - BDC,Industry by financial variable (NZSIOC Level 1),Sales (operating income),"Professional, Scientific, Technical, Administrative and Support Services",Current,Seasonally adjusted,
BDCQ.SF1MNCS,2017.06,13256.503,,R,Dollars,6,Business Data Collection - BDC,Industry by financial variable (NZSIOC Level 1),Sales (operating income),"Professional, Scientific, Technical, Administrative and Support Services",Current,Seasonally adjusted,
BDCQ.SF1MNCS,2017.09,13455.157,,R,Dollars,6,Business Data Collection - BDC,Industry by financial variable (NZSIOC Level 1),Sales (operating income),"Professional, Scientific, Technical, Administrative and Support Services",Current,Seasonally adjusted,
BDCQ.SF1MNCS,2017.12,13774.027,,R,Dollars,6,Business Data Collection - BDC,Industry by financial variable (NZSIOC Level 1),Sales (operating income),"Professional, Scientific, Technical, Administrative and Support Services",Current,Seasonally adjusted,
BDCQ.SF1MNCS,2018.03,14171.875,,R,Dollars,6,Business Data Collection - BDC,Industry by financial variable (NZSIOC Level 1),Sales (operating income),"Professional, Scientific, Technical, Administrative and Support Services",Current,Seasonally adjusted,
BDCQ.SF1MNCS,2018.06,14711.118,,R,Dollars,6,Business Data Collection - BDC,Industry by financial variable (NZSIOC Level 1),Sales (operating income),"Professional, Scientific, Technical, Administrative and Support Services",Current,Seasonally adjusted,
BDCQ.SF1MNCS,2018.09,14525.46,,R,Dollars,6,Business Data Collection - BDC,Industry by financial variable (NZSIOC Level 1),Sales (operating income),"Professional, Scientific, Technical, Administrative and Support Services",Current,Seasonally adjusted,
BDCQ.SF1MNCS,2018.12,14823.269,,R,Dollars,6,Business Data Collection - BDC,Industry by financial variable (NZSIOC Level 1),Sales (operating income),"Professional, Scientific, Technical, Administrative and Support Services",Current,Seasonally adjusted,
BDCQ.SF1MNCS,2019.03,15168.647,,R,Dollars,6,Business Data Collection - BDC,Industry by financial variable (NZSIOC Level 1),Sales (operating income),"Professional, Scientific, Technical, Administrative and Support Services",Current,Seasonally adjusted,
BDCQ.SF1MNCS,2019.06,15151.496,,R,Dollars,6,Business Data Collection - BDC,Industry by financial variable (NZSIOC Level 1),Sales (operating income),"Professional, Scientific, Technical, Administrative and Support Services",Current,Seasonally adjusted,
BDCQ.SF1MNCS,2019.09,15704.128,,R,Dollars,6,Business Data Collection - BDC,Industry by financial variable (NZSIOC Level 1),Sales (operating income),"Professional, Scientific, Technical, Administrative and Support Services",Current,Seasonally adjusted,
BDCQ.SF1MNCS,2019.12,15678.179,,R,Dollars,6,Business Data Collection - BDC,Industry by financial variable (NZSIOC Level 1),Sales (operating income),"Professional, Scientific, Technical, Administrative and Support Services",Current,Seasonally adjusted,
BDCQ.SF1MNCS,2020.03,15661.456,,R,Dollars,6,Business Data Collection - BDC,Industry by financial variable (NZSIOC Level 1),Sales (operating income),"Professional, Scientific, Technical, Administrative and Support Services",Current,Seasonally adjusted,
BDCQ.SF1MNCS,2020.06,13186.537,,R,Dollars,6,Business Data Collection - BDC,Industry by financial variable (NZSIOC Level 1),Sales (operating income),"Professional, Scientific, Technical, Administrative and Support Services",Current,Seasonally adjusted,
BDCQ.SF1MNCS,2020.09,14609.442,,R,Dollars,6,Business Data Collection - BDC,Industry by financial variable (NZSIOC Level 1),Sales (operating income),"Professional, Scientific, Technical, Administrative and Support Services",Current,Seasonally adjusted,
BDCQ.SF1MNCS,2020.12,14717.946,,R,Dollars,6,Business Data Collection - BDC,Industry by financial variable (NZSIOC Level 1),Sales (operating income),"Professional, Scientific, Technical, Administrative and Support Services",Current,Seasonally adjusted,
BDCQ.SF1MNCS,2021.03,15145.623,,R,Dollars,6,Business Data Collection - BDC,Industry by financial variable (NZSIOC Level 1),Sales (operating income),"Professional, Scientific, Technical, Administrative and Support Services",Current,Seasonally adjusted,
BDCQ.SF1MNCS,2021.06,16349.226,,R,Dollars,6,Business Data Collection - BDC,Industry by financial variable (NZSIOC Level 1),Sales (operating income),"Professional, Scientific, Technical, Administrative and Support Services",Current,Seasonally adjusted,
BDCQ.SF1MNCS,2021.09,16227.179,,F,Dollars,6,Business Data Collection - BDC,Industry by financial variable (NZSIOC Level 1),Sales (operating income),"Professional, Scientific, Technical, Administrative and Support Services",Current,Seasonally adjusted,
BDCQ.SF1MNCT,2016.06,12579.092,,R,Dollars,6,Business Data Collection - BDC,Industry by financial variable (NZSIOC Level 1),Sales (operating income),"Professional, Scientific, Technical, Administrative and Support Services",Current,Trend,
BDCQ.SF1MNCT,2016.09,12576.14,,R,Dollars,6,Business Data Collection - BDC,Industry by financial variable (NZSIOC Level 1),Sales (operating income),"Professional, Scientific, Technical, Administrative and Support Services",Current,Trend,
BDCQ.SF1MNCT,2016.12,12700.858,,R,Dollars,6,Business Data Collection - BDC,Industry by financial variable (NZSIOC Level 1),Sales (operating income),"Professional, Scientific, Technical, Administrative and Support Services",Current,Trend,
BDCQ.SF1MNCT,2017.03,12967.423,,R,Dollars,6,Business Data Collection - BDC,Industry by financial variable (NZSIOC Level 1),Sales (operating income),"Professional, Scientific, Technical, Administrative and Support Services",Current,Trend,
BDCQ.SF1MNCT,2017.06,13262.999,,R,Dollars,6,Business Data Collection - BDC,Industry by financial variable (NZSIOC Level 1),Sales (operating income),"Professional, Scientific, Technical, Administrative and Support Services",Current,Trend,
BDCQ.SF1MNCT,2017.09,13468.208,,R,Dollars,6,Business Data Collection - BDC,Industry by financial variable (NZSIOC Level 1),Sales (operating income),"Professional, Scientific, Technical, Administrative and Support Services",Current,Trend,
BDCQ.SF1MNCT,2017.12,13770.196,,R,Dollars,6,Business Data Collection - BDC,Industry by financial variable (NZSIOC Level 1),Sales (operating income),"Professional, Scientific, Technical, Administrative and Support Services",Current,Trend,
BDCQ.SF1MNCT,2018.03,14224.946,,R,Dollars,6,Business Data Collection - BDC,Industry by financial variable (NZSIOC Level 1),Sales (operating income),"Professional, Scientific, Technical, Administrative and Support Services",Current,Trend,
BDCQ.SF1MNCT,2018.06,14529.981,,R,Dollars,6,Business Data Collection - BDC,Industry by financial variable (NZSIOC Level 1),Sales (operating income),"Professional, Scientific, Technical, Administrative and Support Services",Current,Trend,
BDCQ.SF1MNCT,2018.09,14631.072,,R,Dollars,6,Business Data Collection - BDC,Industry by financial variable (NZSIOC Level 1),Sales (operating income),"Professional, Scientific, Technical, Administrative and Support Services",Current,Trend,
BDCQ.SF1MNCT,2018.12,14825.155,,R,Dollars,6,Business Data Collection - BDC,Industry by financial variable (NZSIOC Level 1),Sales (operating income),"Professional, Scientific, Technical, Administrative and Support Services",Current,Trend,
BDCQ.SF1MNCT,2019.03,15070.078,,R,Dollars,6,Business Data Collection - BDC,Industry by financial variable (NZSIOC Level 1),Sales (operating income),"Professional, Scientific, Technical, Administrative and Support Services",Current,Trend,
BDCQ.SF1MNCT,2019.06,15304.273,,R,Dollars,6,Business Data Collection - BDC,Industry by financial variable (NZSIOC Level 1),Sales (operating income),"Professional, Scientific, Technical, Administrative and Support Services",Current,Trend,
BDCQ.SF1MNCT,2019.09,15576.647,,R,Dollars,6,Business Data Collection - BDC,Industry by financial variable (NZSIOC Level 1),Sales (operating income),"Professional, Scientific, Technical, Administrative and Support Services",Current,Trend,
BDCQ.SF1MNCT,2019.12,15717.081,,R,Dollars,6,Business Data Collection - BDC,Industry by financial variable (NZSIOC Level 1),Sales (operating income),"Professional, Scientific, Technical, Administrative and Support Services",Current,Trend,
BDCQ.SF1MNCT,2020.03,15680.529,,R,Dollars,6,Business Data Collection - BDC,Industry by financial variable (NZSIOC Level 1),Sales (operating income),"Professional, Scientific, Technical, Administrative and Support Services",Current,Trend,
BDCQ.SF1MNCT,2020.06,,Y,C,Dollars,6,Business Data Collection - BDC,Industry by financial variable (NZSIOC Level 1),Sales (operating income),"Professional, Scientific, Technical, Administrative and Support Services",Current,Trend,
BDCQ.SF1MNCT,2020.09,,Y,C,Dollars,6,Business Data Collection - BDC,Industry by financial variable (NZSIOC Level 1),Sales (operating income),"Professional, Scientific, Technical, Administrative and Support Services",Current,Trend,
BDCQ.SF1MNCT,2020.12,,Y,C,Dollars,6,Business Data Collection - BDC,Industry by financial variable (NZSIOC Level 1),Sales (operating income),"Professional, Scientific, Technical, Administrative and Support Services",Current,Trend,
BDCQ.SF1MNCT,2021.03,,Y,C,Dollars,6,Business Data Collection - BDC,Industry by financial variable (NZSIOC Level 1),Sales (operating income),"Professional, Scientific, Technical, Administrative and Support Services",Current,Trend,
BDCQ.SF1MNCT,2021.06,,Y,C,Dollars,6,Business Data Collection - BDC,Industry by financial variable (NZSIOC Level 1),Sales (operating income),"Professional, Scientific, Technical, Administrative and Support Services",Current,Trend,
BDCQ.SF1MNCT,2021.09,,Y,C,Dollars,6,Business Data Collection - BDC,Industry by financial variable (NZSIOC Level 1),Sales (operating income),"Professional, Scientific, Technical, Administrative and Support Services",Current,Trend,
BDCQ.SF1PP1CA,2016.06,608.795,,F,Dollars,6,Business Data Collection - BDC,Industry by financial variable (NZSIOC Level 2),Sales (operating income),Education and Training,Current prices,Unadjusted,
BDCQ.SF1PP1CA,2016.09,615.288,,F,Dollars,6,Business Data Collection - BDC,Industry by financial variable (NZSIOC Level 2),Sales (operating income),Education and Training,Current prices,Unadjusted,
BDCQ.SF1PP1CA,2016.12,712.469,,F,Dollars,6,Business Data Collection - BDC,Industry by financial variable (NZSIOC Level 2),Sales (operating income),Education and Training,Current prices,Unadjusted,
BDCQ.SF1PP1CA,2017.03,682.043,,F,Dollars,6,Business Data Collection - BDC,Industry by financial variable (NZSIOC Level 2),Sales (operating income),Education and Training,Current prices,Unadjusted,
BDCQ.SF1PP1CA,2017.06,588.859,,F,Dollars,6,Business Data Collection - BDC,Industry by financial variable (NZSIOC Level 2),Sales (operating income),Education and Training,Current prices,Unadjusted,
BDCQ.SF1PP1CA,2017.09,664.329,,F,Dollars,6,Business Data Collection - BDC,Industry by financial variable (NZSIOC Level 2),Sales (operating income),Education and Training,Current prices,Unadjusted,
BDCQ.SF1PP1CA,2017.12,710.807,,F,Dollars,6,Business Data Collection - BDC,Industry by financial variable (NZSIOC Level 2),Sales (operating income),Education and Training,Current prices,Unadjusted,
BDCQ.SF1PP1CA,2018.03,746.61,,F,Dollars,6,Business Data Collection - BDC,Industry by financial variable (NZSIOC Level 2),Sales (operating income),Education and Training,Current prices,Unadjusted,
BDCQ.SF1PP1CA,2018.06,643.4,,F,Dollars,6,Business Data Collection - BDC,Industry by financial variable (NZSIOC Level 2),Sales (operating income),Education and Training,Current prices,Unadjusted,
BDCQ.SF1PP1CA,2018.09,734.115,,F,Dollars,6,Business Data Collection - BDC,Industry by financial variable (NZSIOC Level 2),Sales (operating income),Education and Training,Current prices,Unadjusted,
BDCQ.SF1PP1CA,2018.12,735.413,,F,Dollars,6,Business Data Collection - BDC,Industry by financial variable (NZSIOC Level 2),Sales (operating income),Education and Training,Current prices,Unadjusted,
BDCQ.SF1PP1CA,2019.03,770.617,,F,Dollars,6,Business Data Collection - BDC,Industry by financial variable (NZSIOC Level 2),Sales (operating income),Education and Training,Current prices,Unadjusted,
BDCQ.SF1PP1CA,2019.06,651.267,,F,Dollars,6,Business Data Collection - BDC,Industry by financial variable (NZSIOC Level 2),Sales (operating income),Education and Training,Current prices,Unadjusted,
BDCQ.SF1PP1CA,2019.09,803.775,,F,Dollars,6,Business Data Collection - BDC,Industry by financial variable (NZSIOC Level 2),Sales (operating income),Education and Training,Current prices,Unadjusted,
BDCQ.SF1PP1CA,2019.12,860.289,,F,Dollars,6,Business Data Collection - BDC,Industry by financial variable (NZSIOC Level 2),Sales (operating income),Education and Training,Current prices,Unadjusted,
BDCQ.SF1PP1CA,2020.03,889.277,,F,Dollars,6,Business Data Collection - BDC,Industry by financial variable (NZSIOC Level 2),Sales (operating income),Education and Training,Current prices,Unadjusted,
BDCQ.SF1PP1CA,2020.06,589.656,,F,Dollars,6,Business Data Collection - BDC,Industry by financial variable (NZSIOC Level 2),Sales (operating income),Education and Training,Current prices,Unadjusted,
BDCQ.SF1PP1CA,2020.09,733.89,,F,Dollars,6,Business Data Collection - BDC,Industry by financial variable (NZSIOC Level 2),Sales (operating income),Education and Training,Current prices,Unadjusted,
BDCQ.SF1PP1CA,2020.12,779.956,,F,Dollars,6,Business Data Collection - BDC,Industry by financial variable (NZSIOC Level 2),Sales (operating income),Education and Training,Current prices,Unadjusted,
BDCQ.SF1PP1CA,2021.03,917.319,,F,Dollars,6,Business Data Collection - BDC,Industry by financial variable (NZSIOC Level 2),Sales (operating income),Education and Training,Current prices,Unadjusted,
BDCQ.SF1PP1CA,2021.06,708.535,,F,Dollars,6,Business Data Collection - BDC,Industry by financial variable (NZSIOC Level 2),Sales (operating income),Education and Training,Current prices,Unadjusted,
BDCQ.SF1PP1CA,2021.09,771.078,,F,Dollars,6,Business Data Collection - BDC,Industry by financial variable (NZSIOC Level 2),Sales (operating income),Education and Training,Current prices,Unadjusted,
BDCQ.SF1PP1CS,2016.06,709.732,,R,Dollars,6,Business Data Collection - BDC,Industry by financial variable (NZSIOC Level 2),Sales (operating income),Education and Training,Current prices,Seasonally adjusted,
BDCQ.SF1PP1CS,2016.09,614.099,,R,Dollars,6,Business Data Collection - BDC,Industry by financial variable (NZSIOC Level 2),Sales (operating income),Education and Training,Current prices,Seasonally adjusted,
BDCQ.SF1PP1CS,2016.12,677.653,,R,Dollars,6,Business Data Collection - BDC,Industry by financial variable (NZSIOC Level 2),Sales (operating income),Education and Training,Current prices,Seasonally adjusted,
BDCQ.SF1PP1CS,2017.03,630.126,,R,Dollars,6,Business Data Collection - BDC,Industry by financial variable (NZSIOC Level 2),Sales (operating income),Education and Training,Current prices,Seasonally adjusted,
BDCQ.SF1PP1CS,2017.06,678.833,,R,Dollars,6,Business Data Collection - BDC,Industry by financial variable (NZSIOC Level 2),Sales (operating income),Education and Training,Current prices,Seasonally adjusted,
BDCQ.SF1PP1CS,2017.09,663.587,,R,Dollars,6,Business Data Collection - BDC,Industry by financial variable (NZSIOC Level 2),Sales (operating income),Education and Training,Current prices,Seasonally adjusted,
BDCQ.SF1PP1CS,2017.12,678.184,,R,Dollars,6,Business Data Collection - BDC,Industry by financial variable (NZSIOC Level 2),Sales (operating income),Education and Training,Current prices,Seasonally adjusted,
BDCQ.SF1PP1CS,2018.03,691.697,,R,Dollars,6,Business Data Collection - BDC,Industry by financial variable (NZSIOC Level 2),Sales (operating income),Education and Training,Current prices,Seasonally adjusted,
BDCQ.SF1PP1CS,2018.06,735.3,,R,Dollars,6,Business Data Collection - BDC,Industry by financial variable (NZSIOC Level 2),Sales (operating income),Education and Training,Current prices,Seasonally adjusted,
BDCQ.SF1PP1CS,2018.09,735.284,,R,Dollars,6,Business Data Collection - BDC,Industry by financial variable (NZSIOC Level 2),Sales (operating income),Education and Training,Current prices,Seasonally adjusted,
BDCQ.SF1PP1CS,2018.12,704.706,,R,Dollars,6,Business Data Collection - BDC,Industry by financial variable (NZSIOC Level 2),Sales (operating income),Education and Training,Current prices,Seasonally adjusted,
BDCQ.SF1PP1CS,2019.03,711.204,,R,Dollars,6,Business Data Collection - BDC,Industry by financial variable (NZSIOC Level 2),Sales (operating income),Education and Training,Current prices,Seasonally adjusted,
BDCQ.SF1PP1CS,2019.06,743.115,,R,Dollars,6,Business Data Collection - BDC,Industry by financial variable (NZSIOC Level 2),Sales (operating income),Education and Training,Current prices,Seasonally adjusted,
BDCQ.SF1PP1CS,2019.09,805.832,,R,Dollars,6,Business Data Collection - BDC,Industry by financial variable (NZSIOC Level 2),Sales (operating income),Education and Training,Current prices,Seasonally adjusted,
BDCQ.SF1PP1CS,2019.12,829.561,,R,Dollars,6,Business Data Collection - BDC,Industry by financial variable (NZSIOC Level 2),Sales (operating income),Education and Training,Current prices,Seasonally adjusted,
BDCQ.SF1PP1CS,2020.03,813.666,,R,Dollars,6,Business Data Collection - BDC,Industry by financial variable (NZSIOC Level 2),Sales (operating income),Education and Training,Current prices,Seasonally adjusted,
BDCQ.SF1PP1CS,2020.06,674.929,,R,Dollars,6,Business Data Collection - BDC,Industry by financial variable (NZSIOC Level 2),Sales (operating income),Education and Training,Current prices,Seasonally adjusted,
BDCQ.SF1PP1CS,2020.09,737.214,,R,Dollars,6,Business Data Collection - BDC,Industry by financial variable (NZSIOC Level 2),Sales (operating income),Education and Training,Current prices,Seasonally adjusted,
BDCQ.SF1PP1CS,2020.12,754.711,,R,Dollars,6,Business Data Collection - BDC,Industry by financial variable (NZSIOC Level 2),Sales (operating income),Education and Training,Current prices,Seasonally adjusted,
BDCQ.SF1PP1CS,2021.03,832.731,,R,Dollars,6,Business Data Collection - BDC,Industry by financial variable (NZSIOC Level 2),Sales (operating income),Education and Training,Current prices,Seasonally adjusted,
BDCQ.SF1PP1CS,2021.06,814.023,,R,Dollars,6,Business Data Collection - BDC,Industry by financial variable (NZSIOC Level 2),Sales (operating income),Education and Training,Current prices,Seasonally adjusted,
BDCQ.SF1PP1CS,2021.09,776.545,,F,Dollars,6,Business Data Collection - BDC,Industry by financial variable (NZSIOC Level 2),Sales (operating income),Education and Training,Current prices,Seasonally adjusted,
BDCQ.SF1PP1CT,2016.06,697.554,,R,Dollars,6,Business Data Collection - BDC,Industry by financial variable (NZSIOC Level 2),Sales (operating income),Education and Training,Current prices,Trend,
BDCQ.SF1PP1CT,2016.09,672.197,,R,Dollars,6,Business Data Collection - BDC,Industry by financial variable (NZSIOC Level 2),Sales (operating income),Education and Training,Current prices,Trend,
BDCQ.SF1PP1CT,2016.12,653.055,,R,Dollars,6,Business Data Collection - BDC,Industry by financial variable (NZSIOC Level 2),Sales (operating income),Education and Training,Current prices,Trend,
BDCQ.SF1PP1CT,2017.03,654.493,,R,Dollars,6,Business Data Collection - BDC,Industry by financial variable (NZSIOC Level 2),Sales (operating income),Education and Training,Current prices,Trend,
BDCQ.SF1PP1CT,2017.06,660.184,,R,Dollars,6,Business Data Collection - BDC,Industry by financial variable (NZSIOC Level 2),Sales (operating income),Education and Training,Current prices,Trend,
BDCQ.SF1PP1CT,2017.09,672.745,,R,Dollars,6,Business Data Collection - BDC,Industry by financial variable (NZSIOC Level 2),Sales (operating income),Education and Training,Current prices,Trend,
BDCQ.SF1PP1CT,2017.12,673.624,,R,Dollars,6,Business Data Collection - BDC,Industry by financial variable (NZSIOC Level 2),Sales (operating income),Education and Training,Current prices,Trend,
BDCQ.SF1PP1CT,2018.03,699.398,,R,Dollars,6,Business Data Collection - BDC,Industry by financial variable (NZSIOC Level 2),Sales (operating income),Education and Training,Current prices,Trend,
BDCQ.SF1PP1CT,2018.06,728.929,,R,Dollars,6,Business Data Collection - BDC,Industry by financial variable (NZSIOC Level 2),Sales (operating income),Education and Training,Current prices,Trend,
BDCQ.SF1PP1CT,2018.09,731.276,,R,Dollars,6,Business Data Collection - BDC,Industry by financial variable (NZSIOC Level 2),Sales (operating income),Education and Training,Current prices,Trend,
BDCQ.SF1PP1CT,2018.12,710.529,,R,Dollars,6,Business Data Collection - BDC,Industry by financial variable (NZSIOC Level 2),Sales (operating income),Education and Training,Current prices,Trend,
BDCQ.SF1PP1CT,2019.03,709.952,,R,Dollars,6,Business Data Collection - BDC,Industry by financial variable (NZSIOC Level 2),Sales (operating income),Education and Training,Current prices,Trend,
BDCQ.SF1PP1CT,2019.06,748.636,,R,Dollars,6,Business Data Collection - BDC,Industry by financial variable (NZSIOC Level 2),Sales (operating income),Education and Training,Current prices,Trend,
BDCQ.SF1PP1CT,2019.09,800.754,,R,Dollars,6,Business Data Collection - BDC,Industry by financial variable (NZSIOC Level 2),Sales (operating income),Education and Training,Current prices,Trend,
BDCQ.SF1PP1CT,2019.12,827.573,,R,Dollars,6,Business Data Collection - BDC,Industry by financial variable (NZSIOC Level 2),Sales (operating income),Education and Training,Current prices,Trend,
BDCQ.SF1PP1CT,2020.03,811.47,,R,Dollars,6,Business Data Collection - BDC,Industry by financial variable (NZSIOC Level 2),Sales (operating income),Education and Training,Current prices,Trend,
BDCQ.SF1PP1CT,2020.06,794.696,,R,Dollars,6,Business Data Collection - BDC,Industry by financial variable (NZSIOC Level 2),Sales (operating income),Education and Training,Current prices,Trend,
BDCQ.SF1PP1CT,2020.09,783.807,,R,Dollars,6,Business Data Collection - BDC,Industry by financial variable (NZSIOC Level 2),Sales (operating income),Education and Training,Current prices,Trend,
BDCQ.SF1PP1CT,2020.12,795.029,,R,Dollars,6,Business Data Collection - BDC,Industry by financial variable (NZSIOC Level 2),Sales (operating income),Education and Training,Current prices,Trend,
BDCQ.SF1PP1CT,2021.03,816.749,,R,Dollars,6,Business Data Collection - BDC,Industry by financial variable (NZSIOC Level 2),Sales (operating income),Education and Training,Current prices,Trend,
BDCQ.SF1PP1CT,2021.06,810.887,,R,Dollars,6,Business Data Collection - BDC,Industry by financial variable (NZSIOC Level 2),Sales (operating income),Education and Training,Current prices,Trend,
BDCQ.SF1PP1CT,2021.09,793.277,,F,Dollars,6,Business Data Collection - BDC,Industry by financial variable (NZSIOC Level 2),Sales (operating income),Education and Training,Current prices,Trend,
BDCQ.SF1PPCA,2016.06,608.795,,F,Dollars,6,Business Data Collection - BDC,Industry by financial variable (NZSIOC Level 1),Sales (operating income),Education and Training,Current,Unadjusted,
BDCQ.SF1PPCA,2016.09,615.288,,F,Dollars,6,Business Data Collection - BDC,Industry by financial variable (NZSIOC Level 1),Sales (operating income),Education and Training,Current,Unadjusted,
BDCQ.SF1PPCA,2016.12,712.469,,F,Dollars,6,Business Data Collection - BDC,Industry by financial variable (NZSIOC Level 1),Sales (operating income),Education and Training,Current,Unadjusted,
BDCQ.SF1PPCA,2017.03,682.043,,F,Dollars,6,Business Data Collection - BDC,Industry by financial variable (NZSIOC Level 1),Sales (operating income),Education and Training,Current,Unadjusted,
BDCQ.SF1PPCA,2017.06,588.859,,F,Dollars,6,Business Data Collection - BDC,Industry by financial variable (NZSIOC Level 1),Sales (operating income),Education and Training,Current,Unadjusted,
BDCQ.SF1PPCA,2017.09,664.329,,F,Dollars,6,Business Data Collection - BDC,Industry by financial variable (NZSIOC Level 1),Sales (operating income),Education and Training,Current,Unadjusted,
BDCQ.SF1PPCA,2017.12,710.807,,F,Dollars,6,Business Data Collection - BDC,Industry by financial variable (NZSIOC Level 1),Sales (operating income),Education and Training,Current,Unadjusted,
BDCQ.SF1PPCA,2018.03,746.61,,F,Dollars,6,Business Data Collection - BDC,Industry by financial variable (NZSIOC Level 1),Sales (operating income),Education and Training,Current,Unadjusted,
BDCQ.SF1PPCA,2018.06,643.4,,F,Dollars,6,Business Data Collection - BDC,Industry by financial variable (NZSIOC Level 1),Sales (operating income),Education and Training,Current,Unadjusted,
BDCQ.SF1PPCA,2018.09,734.115,,F,Dollars,6,Business Data Collection - BDC,Industry by financial variable (NZSIOC Level 1),Sales (operating income),Education and Training,Current,Unadjusted,
BDCQ.SF1PPCA,2018.12,735.413,,F,Dollars,6,Business Data Collection - BDC,Industry by financial variable (NZSIOC Level 1),Sales (operating income),Education and Training,Current,Unadjusted,
BDCQ.SF1PPCA,2019.03,770.617,,F,Dollars,6,Business Data Collection - BDC,Industry by financial variable (NZSIOC Level 1),Sales (operating income),Education and Training,Current,Unadjusted,
BDCQ.SF1PPCA,2019.06,651.267,,F,Dollars,6,Business Data Collection - BDC,Industry by financial variable (NZSIOC Level 1),Sales (operating income),Education and Training,Current,Unadjusted,
BDCQ.SF1PPCA,2019.09,803.775,,F,Dollars,6,Business Data Collection - BDC,Industry by financial variable (NZSIOC Level 1),Sales (operating income),Education and Training,Current,Unadjusted,
BDCQ.SF1PPCA,2019.12,860.289,,F,Dollars,6,Business Data Collection - BDC,Industry by financial variable (NZSIOC Level 1),Sales (operating income),Education and Training,Current,Unadjusted,
BDCQ.SF1PPCA,2020.03,889.277,,F,Dollars,6,Business Data Collection - BDC,Industry by financial variable (NZSIOC Level 1),Sales (operating income),Education and Training,Current,Unadjusted,
BDCQ.SF1PPCA,2020.06,589.656,,F,Dollars,6,Business Data Collection - BDC,Industry by financial variable (NZSIOC Level 1),Sales (operating income),Education and Training,Current,Unadjusted,
BDCQ.SF1PPCA,2020.09,733.89,,F,Dollars,6,Business Data Collection - BDC,Industry by financial variable (NZSIOC Level 1),Sales (operating income),Education and Training,Current,Unadjusted,
BDCQ.SF1PPCA,2020.12,779.956,,F,Dollars,6,Business Data Collection - BDC,Industry by financial variable (NZSIOC Level 1),Sales (operating income),Education and Training,Current,Unadjusted,
BDCQ.SF1PPCA,2021.03,917.319,,F,Dollars,6,Business Data Collection - BDC,Industry by financial variable (NZSIOC Level 1),Sales (operating income),Education and Training,Current,Unadjusted,
BDCQ.SF1PPCA,2021.06,708.535,,F,Dollars,6,Business Data Collection - BDC,Industry by financial variable (NZSIOC Level 1),Sales (operating income),Education and Training,Current,Unadjusted,
BDCQ.SF1PPCA,2021.09,771.078,,F,Dollars,6,Business Data Collection - BDC,Industry by financial variable (NZSIOC Level 1),Sales (operating income),Education and Training,Current,Unadjusted,
BDCQ.SF1PPCS,2016.06,709.732,,R,Dollars,6,Business Data Collection - BDC,Industry by financial variable (NZSIOC Level 1),Sales (operating income),Education and Training,Current,Seasonally adjusted,
BDCQ.SF1PPCS,2016.09,614.099,,R,Dollars,6,Business Data Collection - BDC,Industry by financial variable (NZSIOC Level 1),Sales (operating income),Education and Training,Current,Seasonally adjusted,
BDCQ.SF1PPCS,2016.12,677.653,,R,Dollars,6,Business Data Collection - BDC,Industry by financial variable (NZSIOC Level 1),Sales (operating income),Education and Training,Current,Seasonally adjusted,
BDCQ.SF1PPCS,2017.03,630.126,,R,Dollars,6,Business Data Collection - BDC,Industry by financial variable (NZSIOC Level 1),Sales (operating income),Education and Training,Current,Seasonally adjusted,
BDCQ.SF1PPCS,2017.06,678.833,,R,Dollars,6,Business Data Collection - BDC,Industry by financial variable (NZSIOC Level 1),Sales (operating income),Education and Training,Current,Seasonally adjusted,
BDCQ.SF1PPCS,2017.09,663.587,,R,Dollars,6,Business Data Collection - BDC,Industry by financial variable (NZSIOC Level 1),Sales (operating income),Education and Training,Current,Seasonally adjusted,
BDCQ.SF1PPCS,2017.12,678.184,,R,Dollars,6,Business Data Collection - BDC,Industry by financial variable (NZSIOC Level 1),Sales (operating income),Education and Training,Current,Seasonally adjusted,
BDCQ.SF1PPCS,2018.03,691.697,,R,Dollars,6,Business Data Collection - BDC,Industry by financial variable (NZSIOC Level 1),Sales (operating income),Education and Training,Current,Seasonally adjusted,
BDCQ.SF1PPCS,2018.06,735.3,,R,Dollars,6,Business Data Collection - BDC,Industry by financial variable (NZSIOC Level 1),Sales (operating income),Education and Training,Current,Seasonally adjusted,
BDCQ.SF1PPCS,2018.09,735.284,,R,Dollars,6,Business Data Collection - BDC,Industry by financial variable (NZSIOC Level 1),Sales (operating income),Education and Training,Current,Seasonally adjusted,
BDCQ.SF1PPCS,2018.12,704.706,,R,Dollars,6,Business Data Collection - BDC,Industry by financial variable (NZSIOC Level 1),Sales (operating income),Education and Training,Current,Seasonally adjusted,
BDCQ.SF1PPCS,2019.03,711.204,,R,Dollars,6,Business Data Collection - BDC,Industry by financial variable (NZSIOC Level 1),Sales (operating income),Education and Training,Current,Seasonally adjusted,
BDCQ.SF1PPCS,2019.06,743.115,,R,Dollars,6,Business Data Collection - BDC,Industry by financial variable (NZSIOC Level 1),Sales (operating income),Education and Training,Current,Seasonally adjusted,
BDCQ.SF1PPCS,2019.09,805.832,,R,Dollars,6,Business Data Collection - BDC,Industry by financial variable (NZSIOC Level 1),Sales (operating income),Education and Training,Current,Seasonally adjusted,
BDCQ.SF1PPCS,2019.12,829.561,,R,Dollars,6,Business Data Collection - BDC,Industry by financial variable (NZSIOC Level 1),Sales (operating income),Education and Training,Current,Seasonally adjusted,
BDCQ.SF1PPCS,2020.03,813.666,,R,Dollars,6,Business Data Collection - BDC,Industry by financial variable (NZSIOC Level 1),Sales (operating income),Education and Training,Current,Seasonally adjusted,
BDCQ.SF1PPCS,2020.06,674.929,,R,Dollars,6,Business Data Collection - BDC,Industry by financial variable (NZSIOC Level 1),Sales (operating income),Education and Training,Current,Seasonally adjusted,
BDCQ.SF1PPCS,2020.09,737.214,,R,Dollars,6,Business Data Collection - BDC,Industry by financial variable (NZSIOC Level 1),Sales (operating income),Education and Training,Current,Seasonally adjusted,
BDCQ.SF1PPCS,2020.12,754.711,,R,Dollars,6,Business Data Collection - BDC,Industry by financial variable (NZSIOC Level 1),Sales (operating income),Education and Training,Current,Seasonally adjusted,
BDCQ.SF1PPCS,2021.03,832.731,,R,Dollars,6,Business Data Collection - BDC,Industry by financial variable (NZSIOC Level 1),Sales (operating income),Education and Training,Current,Seasonally adjusted,
BDCQ.SF1PPCS,2021.06,814.023,,R,Dollars,6,Business Data Collection - BDC,Industry by financial variable (NZSIOC Level 1),Sales (operating income),Education and Training,Current,Seasonally adjusted,
BDCQ.SF1PPCS,2021.09,776.545,,F,Dollars,6,Business Data Collection - BDC,Industry by financial variable (NZSIOC Level 1),Sales (operating income),Education and Training,Current,Seasonally adjusted,
BDCQ.SF1PPCT,2016.06,697.554,,R,Dollars,6,Business Data Collection - BDC,Industry by financial variable (NZSIOC Level 1),Sales (operating income),Education and Training,Current,Trend,
BDCQ.SF1PPCT,2016.09,672.197,,R,Dollars,6,Business Data Collection - BDC,Industry by financial variable (NZSIOC Level 1),Sales (operating income),Education and Training,Current,Trend,
BDCQ.SF1PPCT,2016.12,653.055,,R,Dollars,6,Business Data Collection - BDC,Industry by financial variable (NZSIOC Level 1),Sales (operating income),Education and Training,Current,Trend,
BDCQ.SF1PPCT,2017.03,654.493,,R,Dollars,6,Business Data Collection - BDC,Industry by financial variable (NZSIOC Level 1),Sales (operating income),Education and Training,Current,Trend,
BDCQ.SF1PPCT,2017.06,660.184,,R,Dollars,6,Business Data Collection - BDC,Industry by financial variable (NZSIOC Level 1),Sales (operating income),Education and Training,Current,Trend,
BDCQ.SF1PPCT,2017.09,672.745,,R,Dollars,6,Business Data Collection - BDC,Industry by financial variable (NZSIOC Level 1),Sales (operating income),Education and Training,Current,Trend,
BDCQ.SF1PPCT,2017.12,673.624,,R,Dollars,6,Business Data Collection - BDC,Industry by financial variable (NZSIOC Level 1),Sales (operating income),Education and Training,Current,Trend,
BDCQ.SF1PPCT,2018.03,699.398,,R,Dollars,6,Business Data Collection - BDC,Industry by financial variable (NZSIOC Level 1),Sales (operating income),Education and Training,Current,Trend,
BDCQ.SF1PPCT,2018.06,728.929,,R,Dollars,6,Business Data Collection - BDC,Industry by financial variable (NZSIOC Level 1),Sales (operating income),Education and Training,Current,Trend,
BDCQ.SF1PPCT,2018.09,731.276,,R,Dollars,6,Business Data Collection - BDC,Industry by financial variable (NZSIOC Level 1),Sales (operating income),Education and Training,Current,Trend,
BDCQ.SF1PPCT,2018.12,710.529,,R,Dollars,6,Business Data Collection - BDC,Industry by financial variable (NZSIOC Level 1),Sales (operating income),Education and Training,Current,Trend,
BDCQ.SF1PPCT,2019.03,709.952,,R,Dollars,6,Business Data Collection - BDC,Industry by financial variable (NZSIOC Level 1),Sales (operating income),Education and Training,Current,Trend,
BDCQ.SF1PPCT,2019.06,748.636,,R,Dollars,6,Business Data Collection - BDC,Industry by financial variable (NZSIOC Level 1),Sales (operating income),Education and Training,Current,Trend,
BDCQ.SF1PPCT,2019.09,800.754,,R,Dollars,6,Business Data Collection - BDC,Industry by financial variable (NZSIOC Level 1),Sales (operating income),Education and Training,Current,Trend,
BDCQ.SF1PPCT,2019.12,827.573,,R,Dollars,6,Business Data Collection - BDC,Industry by financial variable (NZSIOC Level 1),Sales (operating income),Education and Training,Current,Trend,
BDCQ.SF1PPCT,2020.03,811.47,,R,Dollars,6,Business Data Collection - BDC,Industry by financial variable (NZSIOC Level 1),Sales (operating income),Education and Training,Current,Trend,
BDCQ.SF1PPCT,2020.06,,Y,C,Dollars,6,Business Data Collection - BDC,Industry by financial variable (NZSIOC Level 1),Sales (operating income),Education and Training,Current,Trend,
BDCQ.SF1PPCT,2020.09,,Y,C,Dollars,6,Business Data Collection - BDC,Industry by financial variable (NZSIOC Level 1),Sales (operating income),Education and Training,Current,Trend,
BDCQ.SF1PPCT,2020.12,,Y,C,Dollars,6,Business Data Collection - BDC,Industry by financial variable (NZSIOC Level 1),Sales (operating income),Education and Training,Current,Trend,
BDCQ.SF1PPCT,2021.03,,Y,C,Dollars,6,Business Data Collection - BDC,Industry by financial variable (NZSIOC Level 1),Sales (operating income),Education and Training,Current,Trend,
BDCQ.SF1PPCT,2021.06,,Y,C,Dollars,6,Business Data Collection - BDC,Industry by financial variable (NZSIOC Level 1),Sales (operating income),Education and Training,Current,Trend,
BDCQ.SF1PPCT,2021.09,,Y,C,Dollars,6,Business Data Collection - BDC,Industry by financial variable (NZSIOC Level 1),Sales (operating income),Education and Training,Current,Trend,
BDCQ.SF1QQ1CA,2016.06,3214.579,,F,Dollars,6,Business Data Collection - BDC,Industry by financial variable (NZSIOC Level 2),Sales (operating income),Health Care and Social Assistance,Current prices,Unadjusted,
BDCQ.SF1QQ1CA,2016.09,3268.826,,F,Dollars,6,Business Data Collection - BDC,Industry by financial variable (NZSIOC Level 2),Sales (operating income),Health Care and Social Assistance,Current prices,Unadjusted,
BDCQ.SF1QQ1CA,2016.12,3286.048,,F,Dollars,6,Business Data Collection - BDC,Industry by financial variable (NZSIOC Level 2),Sales (operating income),Health Care and Social Assistance,Current prices,Unadjusted,
BDCQ.SF1QQ1CA,2017.03,3201.629,,F,Dollars,6,Business Data Collection - BDC,Industry by financial variable (NZSIOC Level 2),Sales (operating income),Health Care and Social Assistance,Current prices,Unadjusted,
BDCQ.SF1QQ1CA,2017.06,3284.048,,F,Dollars,6,Business Data Collection - BDC,Industry by financial variable (NZSIOC Level 2),Sales (operating income),Health Care and Social Assistance,Current prices,Unadjusted,
BDCQ.SF1QQ1CA,2017.09,3377.596,,F,Dollars,6,Business Data Collection - BDC,Industry by financial variable (NZSIOC Level 2),Sales (operating income),Health Care and Social Assistance,Current prices,Unadjusted,
BDCQ.SF1QQ1CA,2017.12,3423.368,,F,Dollars,6,Business Data Collection - BDC,Industry by financial variable (NZSIOC Level 2),Sales (operating income),Health Care and Social Assistance,Current prices,Unadjusted,
BDCQ.SF1QQ1CA,2018.03,3371.821,,F,Dollars,6,Business Data Collection - BDC,Industry by financial variable (NZSIOC Level 2),Sales (operating income),Health Care and Social Assistance,Current prices,Unadjusted,
BDCQ.SF1QQ1CA,2018.06,3510.303,,F,Dollars,6,Business Data Collection - BDC,Industry by financial variable (NZSIOC Level 2),Sales (operating income),Health Care and Social Assistance,Current prices,Unadjusted,
BDCQ.SF1QQ1CA,2018.09,3730.534,,F,Dollars,6,Business Data Collection - BDC,Industry by financial variable (NZSIOC Level 2),Sales (operating income),Health Care and Social Assistance,Current prices,Unadjusted,
BDCQ.SF1QQ1CA,2018.12,3756.251,,F,Dollars,6,Business Data Collection - BDC,Industry by financial variable (NZSIOC Level 2),Sales (operating income),Health Care and Social Assistance,Current prices,Unadjusted,
BDCQ.SF1QQ1CA,2019.03,3650.845,,F,Dollars,6,Business Data Collection - BDC,Industry by financial variable (NZSIOC Level 2),Sales (operating income),Health Care and Social Assistance,Current prices,Unadjusted,
BDCQ.SF1QQ1CA,2019.06,3822.281,,F,Dollars,6,Business Data Collection - BDC,Industry by financial variable (NZSIOC Level 2),Sales (operating income),Health Care and Social Assistance,Current prices,Unadjusted,
BDCQ.SF1QQ1CA,2019.09,4088.925,,F,Dollars,6,Business Data Collection - BDC,Industry by financial variable (NZSIOC Level 2),Sales (operating income),Health Care and Social Assistance,Current prices,Unadjusted,
BDCQ.SF1QQ1CA,2019.12,4154.182,,F,Dollars,6,Business Data Collection - BDC,Industry by financial variable (NZSIOC Level 2),Sales (operating income),Health Care and Social Assistance,Current prices,Unadjusted,
BDCQ.SF1QQ1CA,2020.03,3982.186,,F,Dollars,6,Business Data Collection - BDC,Industry by financial variable (NZSIOC Level 2),Sales (operating income),Health Care and Social Assistance,Current prices,Unadjusted,
BDCQ.SF1QQ1CA,2020.06,3938.737,,F,Dollars,6,Business Data Collection - BDC,Industry by financial variable (NZSIOC Level 2),Sales (operating income),Health Care and Social Assistance,Current prices,Unadjusted,
BDCQ.SF1QQ1CA,2020.09,4773.693,,F,Dollars,6,Business Data Collection - BDC,Industry by financial variable (NZSIOC Level 2),Sales (operating income),Health Care and Social Assistance,Current prices,Unadjusted,
BDCQ.SF1QQ1CA,2020.12,4562.15,,F,Dollars,6,Business Data Collection - BDC,Industry by financial variable (NZSIOC Level 2),Sales (operating income),Health Care and Social Assistance,Current prices,Unadjusted,
BDCQ.SF1QQ1CA,2021.03,4376.313,,F,Dollars,6,Business Data Collection - BDC,Industry by financial variable (NZSIOC Level 2),Sales (operating income),Health Care and Social Assistance,Current prices,Unadjusted,
BDCQ.SF1QQ1CA,2021.06,4597.635,,F,Dollars,6,Business Data Collection - BDC,Industry by financial variable (NZSIOC Level 2),Sales (operating income),Health Care and Social Assistance,Current prices,Unadjusted,
BDCQ.SF1QQ1CA,2021.09,4717.815,,F,Dollars,6,Business Data Collection - BDC,Industry by financial variable (NZSIOC Level 2),Sales (operating income),Health Care and Social Assistance,Current prices,Unadjusted,
BDCQ.SF1QQ1CS,2016.06,3246.21,,R,Dollars,6,Business Data Collection - BDC,Industry by financial variable (NZSIOC Level 2),Sales (operating income),Health Care and Social Assistance,Current prices,Seasonally adjusted,
BDCQ.SF1QQ1CS,2016.09,3216.588,,R,Dollars,6,Business Data Collection - BDC,Industry by financial variable (NZSIOC Level 2),Sales (operating income),Health Care and Social Assistance,Current prices,Seasonally adjusted,
BDCQ.SF1QQ1CS,2016.12,3229.229,,R,Dollars,6,Business Data Collection - BDC,Industry by financial variable (NZSIOC Level 2),Sales (operating income),Health Care and Social Assistance,Current prices,Seasonally adjusted,
BDCQ.SF1QQ1CS,2017.03,3283.605,,R,Dollars,6,Business Data Collection - BDC,Industry by financial variable (NZSIOC Level 2),Sales (operating income),Health Care and Social Assistance,Current prices,Seasonally adjusted,
BDCQ.SF1QQ1CS,2017.06,3316.431,,R,Dollars,6,Business Data Collection - BDC,Industry by financial variable (NZSIOC Level 2),Sales (operating income),Health Care and Social Assistance,Current prices,Seasonally adjusted,
BDCQ.SF1QQ1CS,2017.09,3314.657,,R,Dollars,6,Business Data Collection - BDC,Industry by financial variable (NZSIOC Level 2),Sales (operating income),Health Care and Social Assistance,Current prices,Seasonally adjusted,
BDCQ.SF1QQ1CS,2017.12,3366.287,,R,Dollars,6,Business Data Collection - BDC,Industry by financial variable (NZSIOC Level 2),Sales (operating income),Health Care and Social Assistance,Current prices,Seasonally adjusted,
BDCQ.SF1QQ1CS,2018.03,3466.191,,R,Dollars,6,Business Data Collection - BDC,Industry by financial variable (NZSIOC Level 2),Sales (operating income),Health Care and Social Assistance,Current prices,Seasonally adjusted,
BDCQ.SF1QQ1CS,2018.06,3551.311,,R,Dollars,6,Business Data Collection - BDC,Industry by financial variable (NZSIOC Level 2),Sales (operating income),Health Care and Social Assistance,Current prices,Seasonally adjusted,
BDCQ.SF1QQ1CS,2018.09,3645.598,,R,Dollars,6,Business Data Collection - BDC,Industry by financial variable (NZSIOC Level 2),Sales (operating income),Health Care and Social Assistance,Current prices,Seasonally adjusted,
BDCQ.SF1QQ1CS,2018.12,3687.73,,R,Dollars,6,Business Data Collection - BDC,Industry by financial variable (NZSIOC Level 2),Sales (operating income),Health Care and Social Assistance,Current prices,Seasonally adjusted,
BDCQ.SF1QQ1CS,2019.03,3769.419,,R,Dollars,6,Business Data Collection - BDC,Industry by financial variable (NZSIOC Level 2),Sales (operating income),Health Care and Social Assistance,Current prices,Seasonally adjusted,
BDCQ.SF1QQ1CS,2019.06,3874.932,,R,Dollars,6,Business Data Collection - BDC,Industry by financial variable (NZSIOC Level 2),Sales (operating income),Health Care and Social Assistance,Current prices,Seasonally adjusted,
BDCQ.SF1QQ1CS,2019.09,3981.357,,R,Dollars,6,Business Data Collection - BDC,Industry by financial variable (NZSIOC Level 2),Sales (operating income),Health Care and Social Assistance,Current prices,Seasonally adjusted,
BDCQ.SF1QQ1CS,2019.12,4067.026,,R,Dollars,6,Business Data Collection - BDC,Industry by financial variable (NZSIOC Level 2),Sales (operating income),Health Care and Social Assistance,Current prices,Seasonally adjusted,
BDCQ.SF1QQ1CS,2020.03,4129.753,,R,Dollars,6,Business Data Collection - BDC,Industry by financial variable (NZSIOC Level 2),Sales (operating income),Health Care and Social Assistance,Current prices,Seasonally adjusted,
BDCQ.SF1QQ1CS,2020.06,3999.046,,R,Dollars,6,Business Data Collection - BDC,Industry by financial variable (NZSIOC Level 2),Sales (operating income),Health Care and Social Assistance,Current prices,Seasonally adjusted,
BDCQ.SF1QQ1CS,2020.09,4636.752,,R,Dollars,6,Business Data Collection - BDC,Industry by financial variable (NZSIOC Level 2),Sales (operating income),Health Care and Social Assistance,Current prices,Seasonally adjusted,
BDCQ.SF1QQ1CS,2020.12,4457.319,,R,Dollars,6,Business Data Collection - BDC,Industry by financial variable (NZSIOC Level 2),Sales (operating income),Health Care and Social Assistance,Current prices,Seasonally adjusted,
BDCQ.SF1QQ1CS,2021.03,4551.461,,R,Dollars,6,Business Data Collection - BDC,Industry by financial variable (NZSIOC Level 2),Sales (operating income),Health Care and Social Assistance,Current prices,Seasonally adjusted,
BDCQ.SF1QQ1CS,2021.06,4670.827,,R,Dollars,6,Business Data Collection - BDC,Industry by financial variable (NZSIOC Level 2),Sales (operating income),Health Care and Social Assistance,Current prices,Seasonally adjusted,
BDCQ.SF1QQ1CS,2021.09,4578.044,,F,Dollars,6,Business Data Collection - BDC,Industry by financial variable (NZSIOC Level 2),Sales (operating income),Health Care and Social Assistance,Current prices,Seasonally adjusted,
BDCQ.SF1QQ1CT,2016.06,3238.402,,R,Dollars,6,Business Data Collection - BDC,Industry by financial variable (NZSIOC Level 2),Sales (operating income),Health Care and Social Assistance,Current prices,Trend,
BDCQ.SF1QQ1CT,2016.09,3224.155,,R,Dollars,6,Business Data Collection - BDC,Industry by financial variable (NZSIOC Level 2),Sales (operating income),Health Care and Social Assistance,Current prices,Trend,
BDCQ.SF1QQ1CT,2016.12,3233.837,,R,Dollars,6,Business Data Collection - BDC,Industry by financial variable (NZSIOC Level 2),Sales (operating income),Health Care and Social Assistance,Current prices,Trend,
BDCQ.SF1QQ1CT,2017.03,3279.917,,R,Dollars,6,Business Data Collection - BDC,Industry by financial variable (NZSIOC Level 2),Sales (operating income),Health Care and Social Assistance,Current prices,Trend,
BDCQ.SF1QQ1CT,2017.06,3309.011,,R,Dollars,6,Business Data Collection - BDC,Industry by financial variable (NZSIOC Level 2),Sales (operating income),Health Care and Social Assistance,Current prices,Trend,
BDCQ.SF1QQ1CT,2017.09,3321.496,,R,Dollars,6,Business Data Collection - BDC,Industry by financial variable (NZSIOC Level 2),Sales (operating income),Health Care and Social Assistance,Current prices,Trend,
BDCQ.SF1QQ1CT,2017.12,3370.541,,R,Dollars,6,Business Data Collection - BDC,Industry by financial variable (NZSIOC Level 2),Sales (operating income),Health Care and Social Assistance,Current prices,Trend,
BDCQ.SF1QQ1CT,2018.03,3459.802,,R,Dollars,6,Business Data Collection - BDC,Industry by financial variable (NZSIOC Level 2),Sales (operating income),Health Care and Social Assistance,Current prices,Trend,
BDCQ.SF1QQ1CT,2018.06,3557.572,,R,Dollars,6,Business Data Collection - BDC,Industry by financial variable (NZSIOC Level 2),Sales (operating income),Health Care and Social Assistance,Current prices,Trend,
BDCQ.SF1QQ1CT,2018.09,3634.361,,R,Dollars,6,Business Data Collection - BDC,Industry by financial variable (NZSIOC Level 2),Sales (operating income),Health Care and Social Assistance,Current prices,Trend,
BDCQ.SF1QQ1CT,2018.12,3695.62,,R,Dollars,6,Business Data Collection - BDC,Industry by financial variable (NZSIOC Level 2),Sales (operating income),Health Care and Social Assistance,Current prices,Trend,
BDCQ.SF1QQ1CT,2019.03,3769.946,,R,Dollars,6,Business Data Collection - BDC,Industry by financial variable (NZSIOC Level 2),Sales (operating income),Health Care and Social Assistance,Current prices,Trend,
BDCQ.SF1QQ1CT,2019.06,3874.841,,R,Dollars,6,Business Data Collection - BDC,Industry by financial variable (NZSIOC Level 2),Sales (operating income),Health Care and Social Assistance,Current prices,Trend,
BDCQ.SF1QQ1CT,2019.09,3979.926,,R,Dollars,6,Business Data Collection - BDC,Industry by financial variable (NZSIOC Level 2),Sales (operating income),Health Care and Social Assistance,Current prices,Trend,
BDCQ.SF1QQ1CT,2019.12,4061.889,,R,Dollars,6,Business Data Collection - BDC,Industry by financial variable (NZSIOC Level 2),Sales (operating income),Health Care and Social Assistance,Current prices,Trend,
BDCQ.SF1QQ1CT,2020.03,4137.452,,R,Dollars,6,Business Data Collection - BDC,Industry by financial variable (NZSIOC Level 2),Sales (operating income),Health Care and Social Assistance,Current prices,Trend,
BDCQ.SF1QQ1CT,2020.06,4235.927,,R,Dollars,6,Business Data Collection - BDC,Industry by financial variable (NZSIOC Level 2),Sales (operating income),Health Care and Social Assistance,Current prices,Trend,
BDCQ.SF1QQ1CT,2020.09,4351.254,,R,Dollars,6,Business Data Collection - BDC,Industry by financial variable (NZSIOC Level 2),Sales (operating income),Health Care and Social Assistance,Current prices,Trend,
BDCQ.SF1QQ1CT,2020.12,4454.689,,R,Dollars,6,Business Data Collection - BDC,Industry by financial variable (NZSIOC Level 2),Sales (operating income),Health Care and Social Assistance,Current prices,Trend,
BDCQ.SF1QQ1CT,2021.03,4555.819,,R,Dollars,6,Business Data Collection - BDC,Industry by financial variable (NZSIOC Level 2),Sales (operating income),Health Care and Social Assistance,Current prices,Trend,
BDCQ.SF1QQ1CT,2021.06,4669.756,,R,Dollars,6,Business Data Collection - BDC,Industry by financial variable (NZSIOC Level 2),Sales (operating income),Health Care and Social Assistance,Current prices,Trend,
BDCQ.SF1QQ1CT,2021.09,4790.591,,F,Dollars,6,Business Data Collection - BDC,Industry by financial variable (NZSIOC Level 2),Sales (operating income),Health Care and Social Assistance,Current prices,Trend,
BDCQ.SF1QQCA,2016.06,3214.579,,F,Dollars,6,Business Data Collection - BDC,Industry by financial variable (NZSIOC Level 1),Sales (operating income),Health Care and Social Assistance,Current,Unadjusted,
BDCQ.SF1QQCA,2016.09,3268.826,,F,Dollars,6,Business Data Collection - BDC,Industry by financial variable (NZSIOC Level 1),Sales (operating income),Health Care and Social Assistance,Current,Unadjusted,
BDCQ.SF1QQCA,2016.12,3286.048,,F,Dollars,6,Business Data Collection - BDC,Industry by financial variable (NZSIOC Level 1),Sales (operating income),Health Care and Social Assistance,Current,Unadjusted,
BDCQ.SF1QQCA,2017.03,3201.629,,F,Dollars,6,Business Data Collection - BDC,Industry by financial variable (NZSIOC Level 1),Sales (operating income),Health Care and Social Assistance,Current,Unadjusted,
BDCQ.SF1QQCA,2017.06,3284.048,,F,Dollars,6,Business Data Collection - BDC,Industry by financial variable (NZSIOC Level 1),Sales (operating income),Health Care and Social Assistance,Current,Unadjusted,
BDCQ.SF1QQCA,2017.09,3377.596,,F,Dollars,6,Business Data Collection - BDC,Industry by financial variable (NZSIOC Level 1),Sales (operating income),Health Care and Social Assistance,Current,Unadjusted,
BDCQ.SF1QQCA,2017.12,3423.368,,F,Dollars,6,Business Data Collection - BDC,Industry by financial variable (NZSIOC Level 1),Sales (operating income),Health Care and Social Assistance,Current,Unadjusted,
BDCQ.SF1QQCA,2018.03,3371.821,,F,Dollars,6,Business Data Collection - BDC,Industry by financial variable (NZSIOC Level 1),Sales (operating income),Health Care and Social Assistance,Current,Unadjusted,
BDCQ.SF1QQCA,2018.06,3510.303,,F,Dollars,6,Business Data Collection - BDC,Industry by financial variable (NZSIOC Level 1),Sales (operating income),Health Care and Social Assistance,Current,Unadjusted,
BDCQ.SF1QQCA,2018.09,3730.534,,F,Dollars,6,Business Data Collection - BDC,Industry by financial variable (NZSIOC Level 1),Sales (operating income),Health Care and Social Assistance,Current,Unadjusted,
BDCQ.SF1QQCA,2018.12,3756.251,,F,Dollars,6,Business Data Collection - BDC,Industry by financial variable (NZSIOC Level 1),Sales (operating income),Health Care and Social Assistance,Current,Unadjusted,
BDCQ.SF1QQCA,2019.03,3650.845,,F,Dollars,6,Business Data Collection - BDC,Industry by financial variable (NZSIOC Level 1),Sales (operating income),Health Care and Social Assistance,Current,Unadjusted,
BDCQ.SF1QQCA,2019.06,3822.281,,F,Dollars,6,Business Data Collection - BDC,Industry by financial variable (NZSIOC Level 1),Sales (operating income),Health Care and Social Assistance,Current,Unadjusted,
BDCQ.SF1QQCA,2019.09,4088.925,,F,Dollars,6,Business Data Collection - BDC,Industry by financial variable (NZSIOC Level 1),Sales (operating income),Health Care and Social Assistance,Current,Unadjusted,
BDCQ.SF1QQCA,2019.12,4154.182,,F,Dollars,6,Business Data Collection - BDC,Industry by financial variable (NZSIOC Level 1),Sales (operating income),Health Care and Social Assistance,Current,Unadjusted,
BDCQ.SF1QQCA,2020.03,3982.186,,F,Dollars,6,Business Data Collection - BDC,Industry by financial variable (NZSIOC Level 1),Sales (operating income),Health Care and Social Assistance,Current,Unadjusted,
BDCQ.SF1QQCA,2020.06,3938.737,,F,Dollars,6,Business Data Collection - BDC,Industry by financial variable (NZSIOC Level 1),Sales (operating income),Health Care and Social Assistance,Current,Unadjusted,
BDCQ.SF1QQCA,2020.09,4773.693,,F,Dollars,6,Business Data Collection - BDC,Industry by financial variable (NZSIOC Level 1),Sales (operating income),Health Care and Social Assistance,Current,Unadjusted,
BDCQ.SF1QQCA,2020.12,4562.15,,F,Dollars,6,Business Data Collection - BDC,Industry by financial variable (NZSIOC Level 1),Sales (operating income),Health Care and Social Assistance,Current,Unadjusted,
BDCQ.SF1QQCA,2021.03,4376.313,,F,Dollars,6,Business Data Collection - BDC,Industry by financial variable (NZSIOC Level 1),Sales (operating income),Health Care and Social Assistance,Current,Unadjusted,
BDCQ.SF1QQCA,2021.06,4597.635,,F,Dollars,6,Business Data Collection - BDC,Industry by financial variable (NZSIOC Level 1),Sales (operating income),Health Care and Social Assistance,Current,Unadjusted,
BDCQ.SF1QQCA,2021.09,4717.815,,F,Dollars,6,Business Data Collection - BDC,Industry by financial variable (NZSIOC Level 1),Sales (operating income),Health Care and Social Assistance,Current,Unadjusted,
BDCQ.SF1QQCS,2016.06,3246.21,,R,Dollars,6,Business Data Collection - BDC,Industry by financial variable (NZSIOC Level 1),Sales (operating income),Health Care and Social Assistance,Current,Seasonally adjusted,
BDCQ.SF1QQCS,2016.09,3216.588,,R,Dollars,6,Business Data Collection - BDC,Industry by financial variable (NZSIOC Level 1),Sales (operating income),Health Care and Social Assistance,Current,Seasonally adjusted,
BDCQ.SF1QQCS,2016.12,3229.229,,R,Dollars,6,Business Data Collection - BDC,Industry by financial variable (NZSIOC Level 1),Sales (operating income),Health Care and Social Assistance,Current,Seasonally adjusted,
BDCQ.SF1QQCS,2017.03,3283.605,,R,Dollars,6,Business Data Collection - BDC,Industry by financial variable (NZSIOC Level 1),Sales (operating income),Health Care and Social Assistance,Current,Seasonally adjusted,
BDCQ.SF1QQCS,2017.06,3316.431,,R,Dollars,6,Business Data Collection - BDC,Industry by financial variable (NZSIOC Level 1),Sales (operating income),Health Care and Social Assistance,Current,Seasonally adjusted,
BDCQ.SF1QQCS,2017.09,3314.657,,R,Dollars,6,Business Data Collection - BDC,Industry by financial variable (NZSIOC Level 1),Sales (operating income),Health Care and Social Assistance,Current,Seasonally adjusted,
BDCQ.SF1QQCS,2017.12,3366.287,,R,Dollars,6,Business Data Collection - BDC,Industry by financial variable (NZSIOC Level 1),Sales (operating income),Health Care and Social Assistance,Current,Seasonally adjusted,
BDCQ.SF1QQCS,2018.03,3466.191,,R,Dollars,6,Business Data Collection - BDC,Industry by financial variable (NZSIOC Level 1),Sales (operating income),Health Care and Social Assistance,Current,Seasonally adjusted,
BDCQ.SF1QQCS,2018.06,3551.311,,R,Dollars,6,Business Data Collection - BDC,Industry by financial variable (NZSIOC Level 1),Sales (operating income),Health Care and Social Assistance,Current,Seasonally adjusted,
BDCQ.SF1QQCS,2018.09,3645.598,,R,Dollars,6,Business Data Collection - BDC,Industry by financial variable (NZSIOC Level 1),Sales (operating income),Health Care and Social Assistance,Current,Seasonally adjusted,
BDCQ.SF1QQCS,2018.12,3687.73,,R,Dollars,6,Business Data Collection - BDC,Industry by financial variable (NZSIOC Level 1),Sales (operating income),Health Care and Social Assistance,Current,Seasonally adjusted,
BDCQ.SF1QQCS,2019.03,3769.419,,R,Dollars,6,Business Data Collection - BDC,Industry by financial variable (NZSIOC Level 1),Sales (operating income),Health Care and Social Assistance,Current,Seasonally adjusted,
BDCQ.SF1QQCS,2019.06,3874.932,,R,Dollars,6,Business Data Collection - BDC,Industry by financial variable (NZSIOC Level 1),Sales (operating income),Health Care and Social Assistance,Current,Seasonally adjusted,
BDCQ.SF1QQCS,2019.09,3981.357,,R,Dollars,6,Business Data Collection - BDC,Industry by financial variable (NZSIOC Level 1),Sales (operating income),Health Care and Social Assistance,Current,Seasonally adjusted,
BDCQ.SF1QQCS,2019.12,4067.026,,R,Dollars,6,Business Data Collection - BDC,Industry by financial variable (NZSIOC Level 1),Sales (operating income),Health Care and Social Assistance,Current,Seasonally adjusted,
BDCQ.SF1QQCS,2020.03,4129.753,,R,Dollars,6,Business Data Collection - BDC,Industry by financial variable (NZSIOC Level 1),Sales (operating income),Health Care and Social Assistance,Current,Seasonally adjusted,
BDCQ.SF1QQCS,2020.06,3999.046,,R,Dollars,6,Business Data Collection - BDC,Industry by financial variable (NZSIOC Level 1),Sales (operating income),Health Care and Social Assistance,Current,Seasonally adjusted,
BDCQ.SF1QQCS,2020.09,4636.752,,R,Dollars,6,Business Data Collection - BDC,Industry by financial variable (NZSIOC Level 1),Sales (operating income),Health Care and Social Assistance,Current,Seasonally adjusted,
BDCQ.SF1QQCS,2020.12,4457.319,,R,Dollars,6,Business Data Collection - BDC,Industry by financial variable (NZSIOC Level 1),Sales (operating income),Health Care and Social Assistance,Current,Seasonally adjusted,
BDCQ.SF1QQCS,2021.03,4551.461,,R,Dollars,6,Business Data Collection - BDC,Industry by financial variable (NZSIOC Level 1),Sales (operating income),Health Care and Social Assistance,Current,Seasonally adjusted,
BDCQ.SF1QQCS,2021.06,4670.827,,R,Dollars,6,Business Data Collection - BDC,Industry by financial variable (NZSIOC Level 1),Sales (operating income),Health Care and Social Assistance,Current,Seasonally adjusted,
BDCQ.SF1QQCS,2021.09,4578.044,,F,Dollars,6,Business Data Collection - BDC,Industry by financial variable (NZSIOC Level 1),Sales (operating income),Health Care and Social Assistance,Current,Seasonally adjusted,
BDCQ.SF1QQCT,2016.06,3238.402,,R,Dollars,6,Business Data Collection - BDC,Industry by financial variable (NZSIOC Level 1),Sales (operating income),Health Care and Social Assistance,Current,Trend,
BDCQ.SF1QQCT,2016.09,3224.155,,R,Dollars,6,Business Data Collection - BDC,Industry by financial variable (NZSIOC Level 1),Sales (operating income),Health Care and Social Assistance,Current,Trend,
BDCQ.SF1QQCT,2016.12,3233.837,,R,Dollars,6,Business Data Collection - BDC,Industry by financial variable (NZSIOC Level 1),Sales (operating income),Health Care and Social Assistance,Current,Trend,
BDCQ.SF1QQCT,2017.03,3279.917,,R,Dollars,6,Business Data Collection - BDC,Industry by financial variable (NZSIOC Level 1),Sales (operating income),Health Care and Social Assistance,Current,Trend,
BDCQ.SF1QQCT,2017.06,3309.011,,R,Dollars,6,Business Data Collection - BDC,Industry by financial variable (NZSIOC Level 1),Sales (operating income),Health Care and Social Assistance,Current,Trend,
BDCQ.SF1QQCT,2017.09,3321.496,,R,Dollars,6,Business Data Collection - BDC,Industry by financial variable (NZSIOC Level 1),Sales (operating income),Health Care and Social Assistance,Current,Trend,
BDCQ.SF1QQCT,2017.12,3370.541,,R,Dollars,6,Business Data Collection - BDC,Industry by financial variable (NZSIOC Level 1),Sales (operating income),Health Care and Social Assistance,Current,Trend,
BDCQ.SF1QQCT,2018.03,3459.802,,R,Dollars,6,Business Data Collection - BDC,Industry by financial variable (NZSIOC Level 1),Sales (operating income),Health Care and Social Assistance,Current,Trend,
BDCQ.SF1QQCT,2018.06,3557.572,,R,Dollars,6,Business Data Collection - BDC,Industry by financial variable (NZSIOC Level 1),Sales (operating income),Health Care and Social Assistance,Current,Trend,
BDCQ.SF1QQCT,2018.09,3634.361,,R,Dollars,6,Business Data Collection - BDC,Industry by financial variable (NZSIOC Level 1),Sales (operating income),Health Care and Social Assistance,Current,Trend,
BDCQ.SF1QQCT,2018.12,3695.62,,R,Dollars,6,Business Data Collection - BDC,Industry by financial variable (NZSIOC Level 1),Sales (operating income),Health Care and Social Assistance,Current,Trend,
BDCQ.SF1QQCT,2019.03,3769.946,,R,Dollars,6,Business Data Collection - BDC,Industry by financial variable (NZSIOC Level 1),Sales (operating income),Health Care and Social Assistance,Current,Trend,
BDCQ.SF1QQCT,2019.06,3874.841,,R,Dollars,6,Business Data Collection - BDC,Industry by financial variable (NZSIOC Level 1),Sales (operating income),Health Care and Social Assistance,Current,Trend,
BDCQ.SF1QQCT,2019.09,3979.926,,R,Dollars,6,Business Data Collection - BDC,Industry by financial variable (NZSIOC Level 1),Sales (operating income),Health Care and Social Assistance,Current,Trend,
BDCQ.SF1QQCT,2019.12,4061.889,,R,Dollars,6,Business Data Collection - BDC,Industry by financial variable (NZSIOC Level 1),Sales (operating income),Health Care and Social Assistance,Current,Trend,
BDCQ.SF1QQCT,2020.03,4137.452,,R,Dollars,6,Business Data Collection - BDC,Industry by financial variable (NZSIOC Level 1),Sales (operating income),Health Care and Social Assistance,Current,Trend,
BDCQ.SF1QQCT,2020.06,,Y,C,Dollars,6,Business Data Collection - BDC,Industry by financial variable (NZSIOC Level 1),Sales (operating income),Health Care and Social Assistance,Current,Trend,
BDCQ.SF1QQCT,2020.09,,Y,C,Dollars,6,Business Data Collection - BDC,Industry by financial variable (NZSIOC Level 1),Sales (operating income),Health Care and Social Assistance,Current,Trend,
BDCQ.SF1QQCT,2020.12,,Y,C,Dollars,6,Business Data Collection - BDC,Industry by financial variable (NZSIOC Level 1),Sales (operating income),Health Care and Social Assistance,Current,Trend,
BDCQ.SF1QQCT,2021.03,,Y,C,Dollars,6,Business Data Collection - BDC,Industry by financial variable (NZSIOC Level 1),Sales (operating income),Health Care and Social Assistance,Current,Trend,
BDCQ.SF1QQCT,2021.06,,Y,C,Dollars,6,Business Data Collection - BDC,Industry by financial variable (NZSIOC Level 1),Sales (operating income),Health Care and Social Assistance,Current,Trend,
BDCQ.SF1QQCT,2021.09,,Y,C,Dollars,6,Business Data Collection - BDC,Industry by financial variable (NZSIOC Level 1),Sales (operating income),Health Care and Social Assistance,Current,Trend,
BDCQ.SF1RS1CA,2016.06,1059.336,,F,Dollars,6,Business Data Collection - BDC,Industry by financial variable (NZSIOC Level 2),Sales (operating income),Arts and Recreation Services,Current prices,Unadjusted,
BDCQ.SF1RS1CA,2016.09,1168.528,,F,Dollars,6,Business Data Collection - BDC,Industry by financial variable (NZSIOC Level 2),Sales (operating income),Arts and Recreation Services,Current prices,Unadjusted,
BDCQ.SF1RS1CA,2016.12,1256.082,,F,Dollars,6,Business Data Collection - BDC,Industry by financial variable (NZSIOC Level 2),Sales (operating income),Arts and Recreation Services,Current prices,Unadjusted,
BDCQ.SF1RS1CA,2017.03,1222.957,,F,Dollars,6,Business Data Collection - BDC,Industry by financial variable (NZSIOC Level 2),Sales (operating income),Arts and Recreation Services,Current prices,Unadjusted,
BDCQ.SF1RS1CA,2017.06,1123.981,,F,Dollars,6,Business Data Collection - BDC,Industry by financial variable (NZSIOC Level 2),Sales (operating income),Arts and Recreation Services,Current prices,Unadjusted,
BDCQ.SF1RS1CA,2017.09,1188.992,,F,Dollars,6,Business Data Collection - BDC,Industry by financial variable (NZSIOC Level 2),Sales (operating income),Arts and Recreation Services,Current prices,Unadjusted,
BDCQ.SF1RS1CA,2017.12,1240.668,,F,Dollars,6,Business Data Collection - BDC,Industry by financial variable (NZSIOC Level 2),Sales (operating income),Arts and Recreation Services,Current prices,Unadjusted,
BDCQ.SF1RS1CA,2018.03,1263.25,,F,Dollars,6,Business Data Collection - BDC,Industry by financial variable (NZSIOC Level 2),Sales (operating income),Arts and Recreation Services,Current prices,Unadjusted,
BDCQ.SF1RS1CA,2018.06,1166.067,,F,Dollars,6,Business Data Collection - BDC,Industry by financial variable (NZSIOC Level 2),Sales (operating income),Arts and Recreation Services,Current prices,Unadjusted,
BDCQ.SF1RS1CA,2018.09,1321.908,,F,Dollars,6,Business Data Collection - BDC,Industry by financial variable (NZSIOC Level 2),Sales (operating income),Arts and Recreation Services,Current prices,Unadjusted,
BDCQ.SF1RS1CA,2018.12,1287.296,,F,Dollars,6,Business Data Collection - BDC,Industry by financial variable (NZSIOC Level 2),Sales (operating income),Arts and Recreation Services,Current prices,Unadjusted,
BDCQ.SF1RS1CA,2019.03,1328.926,,F,Dollars,6,Business Data Collection - BDC,Industry by financial variable (NZSIOC Level 2),Sales (operating income),Arts and Recreation Services,Current prices,Unadjusted,
BDCQ.SF1RS1CA,2019.06,1217.807,,F,Dollars,6,Business Data Collection - BDC,Industry by financial variable (NZSIOC Level 2),Sales (operating income),Arts and Recreation Services,Current prices,Unadjusted,
BDCQ.SF1RS1CA,2019.09,1391.141,,F,Dollars,6,Business Data Collection - BDC,Industry by financial variable (NZSIOC Level 2),Sales (operating income),Arts and Recreation Services,Current prices,Unadjusted,
BDCQ.SF1RS1CA,2019.12,1398.045,,F,Dollars,6,Business Data Collection - BDC,Industry by financial variable (NZSIOC Level 2),Sales (operating income),Arts and Recreation Services,Current prices,Unadjusted,
BDCQ.SF1RS1CA,2020.03,1364.155,,F,Dollars,6,Business Data Collection - BDC,Industry by financial variable (NZSIOC Level 2),Sales (operating income),Arts and Recreation Services,Current prices,Unadjusted,
BDCQ.SF1RS1CA,2020.06,791.117,,F,Dollars,6,Business Data Collection - BDC,Industry by financial variable (NZSIOC Level 2),Sales (operating income),Arts and Recreation Services,Current prices,Unadjusted,
BDCQ.SF1RS1CA,2020.09,1225.711,,F,Dollars,6,Business Data Collection - BDC,Industry by financial variable (NZSIOC Level 2),Sales (operating income),Arts and Recreation Services,Current prices,Unadjusted,
BDCQ.SF1RS1CA,2020.12,1251.611,,F,Dollars,6,Business Data Collection - BDC,Industry by financial variable (NZSIOC Level 2),Sales (operating income),Arts and Recreation Services,Current prices,Unadjusted,
BDCQ.SF1RS1CA,2021.03,1325.745,,F,Dollars,6,Business Data Collection - BDC,Industry by financial variable (NZSIOC Level 2),Sales (operating income),Arts and Recreation Services,Current prices,Unadjusted,
BDCQ.SF1RS1CA,2021.06,1393.421,,F,Dollars,6,Business Data Collection - BDC,Industry by financial variable (NZSIOC Level 2),Sales (operating income),Arts and Recreation Services,Current prices,Unadjusted,
BDCQ.SF1RS1CA,2021.09,1389.787,,F,Dollars,6,Business Data Collection - BDC,Industry by financial variable (NZSIOC Level 2),Sales (operating income),Arts and Recreation Services,Current prices,Unadjusted,
BDCQ.SF1RS1CS,2016.06,1141.317,,R,Dollars,6,Business Data Collection - BDC,Industry by financial variable (NZSIOC Level 2),Sales (operating income),Arts and Recreation Services,Current prices,Seasonally adjusted,
BDCQ.SF1RS1CS,2016.09,1159.067,,R,Dollars,6,Business Data Collection - BDC,Industry by financial variable (NZSIOC Level 2),Sales (operating income),Arts and Recreation Services,Current prices,Seasonally adjusted,
BDCQ.SF1RS1CS,2016.12,1219.291,,R,Dollars,6,Business Data Collection - BDC,Industry by financial variable (NZSIOC Level 2),Sales (operating income),Arts and Recreation Services,Current prices,Seasonally adjusted,
BDCQ.SF1RS1CS,2017.03,1183.291,,R,Dollars,6,Business Data Collection - BDC,Industry by financial variable (NZSIOC Level 2),Sales (operating income),Arts and Recreation Services,Current prices,Seasonally adjusted,
BDCQ.SF1RS1CS,2017.06,1210.085,,R,Dollars,6,Business Data Collection - BDC,Industry by financial variable (NZSIOC Level 2),Sales (operating income),Arts and Recreation Services,Current prices,Seasonally adjusted,
BDCQ.SF1RS1CS,2017.09,1180.644,,R,Dollars,6,Business Data Collection - BDC,Industry by financial variable (NZSIOC Level 2),Sales (operating income),Arts and Recreation Services,Current prices,Seasonally adjusted,
BDCQ.SF1RS1CS,2017.12,1204.365,,R,Dollars,6,Business Data Collection - BDC,Industry by financial variable (NZSIOC Level 2),Sales (operating income),Arts and Recreation Services,Current prices,Seasonally adjusted,
BDCQ.SF1RS1CS,2018.03,1221.694,,R,Dollars,6,Business Data Collection - BDC,Industry by financial variable (NZSIOC Level 2),Sales (operating income),Arts and Recreation Services,Current prices,Seasonally adjusted,
BDCQ.SF1RS1CS,2018.06,1254.622,,R,Dollars,6,Business Data Collection - BDC,Industry by financial variable (NZSIOC Level 2),Sales (operating income),Arts and Recreation Services,Current prices,Seasonally adjusted,
BDCQ.SF1RS1CS,2018.09,1313.975,,R,Dollars,6,Business Data Collection - BDC,Industry by financial variable (NZSIOC Level 2),Sales (operating income),Arts and Recreation Services,Current prices,Seasonally adjusted,
BDCQ.SF1RS1CS,2018.12,1249.519,,R,Dollars,6,Business Data Collection - BDC,Industry by financial variable (NZSIOC Level 2),Sales (operating income),Arts and Recreation Services,Current prices,Seasonally adjusted,
BDCQ.SF1RS1CS,2019.03,1284.554,,R,Dollars,6,Business Data Collection - BDC,Industry by financial variable (NZSIOC Level 2),Sales (operating income),Arts and Recreation Services,Current prices,Seasonally adjusted,
BDCQ.SF1RS1CS,2019.06,1310.823,,R,Dollars,6,Business Data Collection - BDC,Industry by financial variable (NZSIOC Level 2),Sales (operating income),Arts and Recreation Services,Current prices,Seasonally adjusted,
BDCQ.SF1RS1CS,2019.09,1382.111,,R,Dollars,6,Business Data Collection - BDC,Industry by financial variable (NZSIOC Level 2),Sales (operating income),Arts and Recreation Services,Current prices,Seasonally adjusted,
BDCQ.SF1RS1CS,2019.12,1357.366,,R,Dollars,6,Business Data Collection - BDC,Industry by financial variable (NZSIOC Level 2),Sales (operating income),Arts and Recreation Services,Current prices,Seasonally adjusted,
BDCQ.SF1RS1CS,2020.03,1319.284,,R,Dollars,6,Business Data Collection - BDC,Industry by financial variable (NZSIOC Level 2),Sales (operating income),Arts and Recreation Services,Current prices,Seasonally adjusted,
BDCQ.SF1RS1CS,2020.06,851.655,,R,Dollars,6,Business Data Collection - BDC,Industry by financial variable (NZSIOC Level 2),Sales (operating income),Arts and Recreation Services,Current prices,Seasonally adjusted,
BDCQ.SF1RS1CS,2020.09,1215.203,,R,Dollars,6,Business Data Collection - BDC,Industry by financial variable (NZSIOC Level 2),Sales (operating income),Arts and Recreation Services,Current prices,Seasonally adjusted,
BDCQ.SF1RS1CS,2020.12,1217.575,,R,Dollars,6,Business Data Collection - BDC,Industry by financial variable (NZSIOC Level 2),Sales (operating income),Arts and Recreation Services,Current prices,Seasonally adjusted,
BDCQ.SF1RS1CS,2021.03,1282.031,,R,Dollars,6,Business Data Collection - BDC,Industry by financial variable (NZSIOC Level 2),Sales (operating income),Arts and Recreation Services,Current prices,Seasonally adjusted,
BDCQ.SF1RS1CS,2021.06,1500.808,,R,Dollars,6,Business Data Collection - BDC,Industry by financial variable (NZSIOC Level 2),Sales (operating income),Arts and Recreation Services,Current prices,Seasonally adjusted,
BDCQ.SF1RS1CS,2021.09,1374.546,,F,Dollars,6,Business Data Collection - BDC,Industry by financial variable (NZSIOC Level 2),Sales (operating income),Arts and Recreation Services,Current prices,Seasonally adjusted,
BDCQ.SF1RS1CT,2016.06,1144.389,,R,Dollars,6,Business Data Collection - BDC,Industry by financial variable (NZSIOC Level 2),Sales (operating income),Arts and Recreation Services,Current prices,Trend,
BDCQ.SF1RS1CT,2016.09,1170.812,,R,Dollars,6,Business Data Collection - BDC,Industry by financial variable (NZSIOC Level 2),Sales (operating income),Arts and Recreation Services,Current prices,Trend,
BDCQ.SF1RS1CT,2016.12,1197.431,,R,Dollars,6,Business Data Collection - BDC,Industry by financial variable (NZSIOC Level 2),Sales (operating income),Arts and Recreation Services,Current prices,Trend,
BDCQ.SF1RS1CT,2017.03,1203.707,,R,Dollars,6,Business Data Collection - BDC,Industry by financial variable (NZSIOC Level 2),Sales (operating income),Arts and Recreation Services,Current prices,Trend,
BDCQ.SF1RS1CT,2017.06,1193.312,,R,Dollars,6,Business Data Collection - BDC,Industry by financial variable (NZSIOC Level 2),Sales (operating income),Arts and Recreation Services,Current prices,Trend,
BDCQ.SF1RS1CT,2017.09,1193.05,,R,Dollars,6,Business Data Collection - BDC,Industry by financial variable (NZSIOC Level 2),Sales (operating income),Arts and Recreation Services,Current prices,Trend,
BDCQ.SF1RS1CT,2017.12,1198.378,,R,Dollars,6,Business Data Collection - BDC,Industry by financial variable (NZSIOC Level 2),Sales (operating income),Arts and Recreation Services,Current prices,Trend,
BDCQ.SF1RS1CT,2018.03,1224.97,,R,Dollars,6,Business Data Collection - BDC,Industry by financial variable (NZSIOC Level 2),Sales (operating income),Arts and Recreation Services,Current prices,Trend,
BDCQ.SF1RS1CT,2018.06,1256.621,,R,Dollars,6,Business Data Collection - BDC,Industry by financial variable (NZSIOC Level 2),Sales (operating income),Arts and Recreation Services,Current prices,Trend,
BDCQ.SF1RS1CT,2018.09,1267.83,,R,Dollars,6,Business Data Collection - BDC,Industry by financial variable (NZSIOC Level 2),Sales (operating income),Arts and Recreation Services,Current prices,Trend,
BDCQ.SF1RS1CT,2018.12,1264.037,,R,Dollars,6,Business Data Collection - BDC,Industry by financial variable (NZSIOC Level 2),Sales (operating income),Arts and Recreation Services,Current prices,Trend,
BDCQ.SF1RS1CT,2019.03,1275.112,,R,Dollars,6,Business Data Collection - BDC,Industry by financial variable (NZSIOC Level 2),Sales (operating income),Arts and Recreation Services,Current prices,Trend,
BDCQ.SF1RS1CT,2019.06,1325.129,,R,Dollars,6,Business Data Collection - BDC,Industry by financial variable (NZSIOC Level 2),Sales (operating income),Arts and Recreation Services,Current prices,Trend,
BDCQ.SF1RS1CT,2019.09,1365.682,,R,Dollars,6,Business Data Collection - BDC,Industry by financial variable (NZSIOC Level 2),Sales (operating income),Arts and Recreation Services,Current prices,Trend,
BDCQ.SF1RS1CT,2019.12,1363.858,,R,Dollars,6,Business Data Collection - BDC,Industry by financial variable (NZSIOC Level 2),Sales (operating income),Arts and Recreation Services,Current prices,Trend,
BDCQ.SF1RS1CT,2020.03,1316.719,,R,Dollars,6,Business Data Collection - BDC,Industry by financial variable (NZSIOC Level 2),Sales (operating income),Arts and Recreation Services,Current prices,Trend,
BDCQ.SF1RS1CT,2020.06,,Y,C,Dollars,6,Business Data Collection - BDC,Industry by financial variable (NZSIOC Level 2),Sales (operating income),Arts and Recreation Services,Current prices,Trend,
BDCQ.SF1RS1CT,2020.09,,Y,C,Dollars,6,Business Data Collection - BDC,Industry by financial variable (NZSIOC Level 2),Sales (operating income),Arts and Recreation Services,Current prices,Trend,
BDCQ.SF1RS1CT,2020.12,,Y,C,Dollars,6,Business Data Collection - BDC,Industry by financial variable (NZSIOC Level 2),Sales (operating income),Arts and Recreation Services,Current prices,Trend,
BDCQ.SF1RS1CT,2021.03,,Y,C,Dollars,6,Business Data Collection - BDC,Industry by financial variable (NZSIOC Level 2),Sales (operating income),Arts and Recreation Services,Current prices,Trend,
BDCQ.SF1RS1CT,2021.06,,Y,C,Dollars,6,Business Data Collection - BDC,Industry by financial variable (NZSIOC Level 2),Sales (operating income),Arts and Recreation Services,Current prices,Trend,
BDCQ.SF1RS1CT,2021.09,,Y,C,Dollars,6,Business Data Collection - BDC,Industry by financial variable (NZSIOC Level 2),Sales (operating income),Arts and Recreation Services,Current prices,Trend,
BDCQ.SF1RS2CA,2016.06,2024.111,,F,Dollars,6,Business Data Collection - BDC,Industry by financial variable (NZSIOC Level 2),Sales (operating income),Other Services,Current prices,Unadjusted,
BDCQ.SF1RS2CA,2016.09,2130.915,,F,Dollars,6,Business Data Collection - BDC,Industry by financial variable (NZSIOC Level 2),Sales (operating income),Other Services,Current prices,Unadjusted,
BDCQ.SF1RS2CA,2016.12,2212.397,,F,Dollars,6,Business Data Collection - BDC,Industry by financial variable (NZSIOC Level 2),Sales (operating income),Other Services,Current prices,Unadjusted,
BDCQ.SF1RS2CA,2017.03,2106.601,,F,Dollars,6,Business Data Collection - BDC,Industry by financial variable (NZSIOC Level 2),Sales (operating income),Other Services,Current prices,Unadjusted,
BDCQ.SF1RS2CA,2017.06,2214.264,,F,Dollars,6,Business Data Collection - BDC,Industry by financial variable (NZSIOC Level 2),Sales (operating income),Other Services,Current prices,Unadjusted,
BDCQ.SF1RS2CA,2017.09,2272.563,,F,Dollars,6,Business Data Collection - BDC,Industry by financial variable (NZSIOC Level 2),Sales (operating income),Other Services,Current prices,Unadjusted,
BDCQ.SF1RS2CA,2017.12,2304.067,,F,Dollars,6,Business Data Collection - BDC,Industry by financial variable (NZSIOC Level 2),Sales (operating income),Other Services,Current prices,Unadjusted,
BDCQ.SF1RS2CA,2018.03,2159.722,,F,Dollars,6,Business Data Collection - BDC,Industry by financial variable (NZSIOC Level 2),Sales (operating income),Other Services,Current prices,Unadjusted,
BDCQ.SF1RS2CA,2018.06,2395.334,,F,Dollars,6,Business Data Collection - BDC,Industry by financial variable (NZSIOC Level 2),Sales (operating income),Other Services,Current prices,Unadjusted,
BDCQ.SF1RS2CA,2018.09,2434.241,,F,Dollars,6,Business Data Collection - BDC,Industry by financial variable (NZSIOC Level 2),Sales (operating income),Other Services,Current prices,Unadjusted,
BDCQ.SF1RS2CA,2018.12,2441.75,,F,Dollars,6,Business Data Collection - BDC,Industry by financial variable (NZSIOC Level 2),Sales (operating income),Other Services,Current prices,Unadjusted,
BDCQ.SF1RS2CA,2019.03,2366.432,,F,Dollars,6,Business Data Collection - BDC,Industry by financial variable (NZSIOC Level 2),Sales (operating income),Other Services,Current prices,Unadjusted,
BDCQ.SF1RS2CA,2019.06,2520.395,,F,Dollars,6,Business Data Collection - BDC,Industry by financial variable (NZSIOC Level 2),Sales (operating income),Other Services,Current prices,Unadjusted,
BDCQ.SF1RS2CA,2019.09,2562.344,,F,Dollars,6,Business Data Collection - BDC,Industry by financial variable (NZSIOC Level 2),Sales (operating income),Other Services,Current prices,Unadjusted,
BDCQ.SF1RS2CA,2019.12,2553.098,,F,Dollars,6,Business Data Collection - BDC,Industry by financial variable (NZSIOC Level 2),Sales (operating income),Other Services,Current prices,Unadjusted,
BDCQ.SF1RS2CA,2020.03,2364.816,,F,Dollars,6,Business Data Collection - BDC,Industry by financial variable (NZSIOC Level 2),Sales (operating income),Other Services,Current prices,Unadjusted,
BDCQ.SF1RS2CA,2020.06,1934.127,,F,Dollars,6,Business Data Collection - BDC,Industry by financial variable (NZSIOC Level 2),Sales (operating income),Other Services,Current prices,Unadjusted,
BDCQ.SF1RS2CA,2020.09,2505.344,,F,Dollars,6,Business Data Collection - BDC,Industry by financial variable (NZSIOC Level 2),Sales (operating income),Other Services,Current prices,Unadjusted,
BDCQ.SF1RS2CA,2020.12,2674.758,,F,Dollars,6,Business Data Collection - BDC,Industry by financial variable (NZSIOC Level 2),Sales (operating income),Other Services,Current prices,Unadjusted,
BDCQ.SF1RS2CA,2021.03,2519.283,,F,Dollars,6,Business Data Collection - BDC,Industry by financial variable (NZSIOC Level 2),Sales (operating income),Other Services,Current prices,Unadjusted,
BDCQ.SF1RS2CA,2021.06,2801.277,,F,Dollars,6,Business Data Collection - BDC,Industry by financial variable (NZSIOC Level 2),Sales (operating income),Other Services,Current prices,Unadjusted,
BDCQ.SF1RS2CA,2021.09,2514.549,,F,Dollars,6,Business Data Collection - BDC,Industry by financial variable (NZSIOC Level 2),Sales (operating income),Other Services,Current prices,Unadjusted,
BDCQ.SF1RS2CS,2016.06,2024.111,,R,Dollars,6,Business Data Collection - BDC,Industry by financial variable (NZSIOC Level 2),Sales (operating income),Other Services,Current prices,Seasonally adjusted,
BDCQ.SF1RS2CS,2016.09,2130.915,,R,Dollars,6,Business Data Collection - BDC,Industry by financial variable (NZSIOC Level 2),Sales (operating income),Other Services,Current prices,Seasonally adjusted,
BDCQ.SF1RS2CS,2016.12,2212.397,,R,Dollars,6,Business Data Collection - BDC,Industry by financial variable (NZSIOC Level 2),Sales (operating income),Other Services,Current prices,Seasonally adjusted,
BDCQ.SF1RS2CS,2017.03,2106.601,,R,Dollars,6,Business Data Collection - BDC,Industry by financial variable (NZSIOC Level 2),Sales (operating income),Other Services,Current prices,Seasonally adjusted,
BDCQ.SF1RS2CS,2017.06,2214.264,,R,Dollars,6,Business Data Collection - BDC,Industry by financial variable (NZSIOC Level 2),Sales (operating income),Other Services,Current prices,Seasonally adjusted,
BDCQ.SF1RS2CS,2017.09,2272.563,,R,Dollars,6,Business Data Collection - BDC,Industry by financial variable (NZSIOC Level 2),Sales (operating income),Other Services,Current prices,Seasonally adjusted,
BDCQ.SF1RS2CS,2017.12,2304.067,,R,Dollars,6,Business Data Collection - BDC,Industry by financial variable (NZSIOC Level 2),Sales (operating income),Other Services,Current prices,Seasonally adjusted,
BDCQ.SF1RS2CS,2018.03,2159.722,,R,Dollars,6,Business Data Collection - BDC,Industry by financial variable (NZSIOC Level 2),Sales (operating income),Other Services,Current prices,Seasonally adjusted,
BDCQ.SF1RS2CS,2018.06,2395.334,,R,Dollars,6,Business Data Collection - BDC,Industry by financial variable (NZSIOC Level 2),Sales (operating income),Other Services,Current prices,Seasonally adjusted,
BDCQ.SF1RS2CS,2018.09,2434.241,,R,Dollars,6,Business Data Collection - BDC,Industry by financial variable (NZSIOC Level 2),Sales (operating income),Other Services,Current prices,Seasonally adjusted,
BDCQ.SF1RS2CS,2018.12,2441.75,,R,Dollars,6,Business Data Collection - BDC,Industry by financial variable (NZSIOC Level 2),Sales (operating income),Other Services,Current prices,Seasonally adjusted,
BDCQ.SF1RS2CS,2019.03,2366.432,,R,Dollars,6,Business Data Collection - BDC,Industry by financial variable (NZSIOC Level 2),Sales (operating income),Other Services,Current prices,Seasonally adjusted,
BDCQ.SF1RS2CS,2019.06,2520.395,,R,Dollars,6,Business Data Collection - BDC,Industry by financial variable (NZSIOC Level 2),Sales (operating income),Other Services,Current prices,Seasonally adjusted,
BDCQ.SF1RS2CS,2019.09,2562.344,,R,Dollars,6,Business Data Collection - BDC,Industry by financial variable (NZSIOC Level 2),Sales (operating income),Other Services,Current prices,Seasonally adjusted,
BDCQ.SF1RS2CS,2019.12,2553.098,,R,Dollars,6,Business Data Collection - BDC,Industry by financial variable (NZSIOC Level 2),Sales (operating income),Other Services,Current prices,Seasonally adjusted,
BDCQ.SF1RS2CS,2020.03,2364.816,,R,Dollars,6,Business Data Collection - BDC,Industry by financial variable (NZSIOC Level 2),Sales (operating income),Other Services,Current prices,Seasonally adjusted,
BDCQ.SF1RS2CS,2020.06,1934.127,,R,Dollars,6,Business Data Collection - BDC,Industry by financial variable (NZSIOC Level 2),Sales (operating income),Other Services,Current prices,Seasonally adjusted,
BDCQ.SF1RS2CS,2020.09,2505.344,,R,Dollars,6,Business Data Collection - BDC,Industry by financial variable (NZSIOC Level 2),Sales (operating income),Other Services,Current prices,Seasonally adjusted,
BDCQ.SF1RS2CS,2020.12,2674.758,,R,Dollars,6,Business Data Collection - BDC,Industry by financial variable (NZSIOC Level 2),Sales (operating income),Other Services,Current prices,Seasonally adjusted,
BDCQ.SF1RS2CS,2021.03,2519.283,,R,Dollars,6,Business Data Collection - BDC,Industry by financial variable (NZSIOC Level 2),Sales (operating income),Other Services,Current prices,Seasonally adjusted,
BDCQ.SF1RS2CS,2021.06,2801.277,,R,Dollars,6,Business Data Collection - BDC,Industry by financial variable (NZSIOC Level 2),Sales (operating income),Other Services,Current prices,Seasonally adjusted,
BDCQ.SF1RS2CS,2021.09,2514.549,,F,Dollars,6,Business Data Collection - BDC,Industry by financial variable (NZSIOC Level 2),Sales (operating income),Other Services,Current prices,Seasonally adjusted,
BDCQ.SF1RS2CT,2016.06,2002.872,,R,Dollars,6,Business Data Collection - BDC,Industry by financial variable (NZSIOC Level 2),Sales (operating income),Other Services,Current prices,Trend,
BDCQ.SF1RS2CT,2016.09,2143.57,,R,Dollars,6,Business Data Collection - BDC,Industry by financial variable (NZSIOC Level 2),Sales (operating income),Other Services,Current prices,Trend,
BDCQ.SF1RS2CT,2016.12,2171.08,,R,Dollars,6,Business Data Collection - BDC,Industry by financial variable (NZSIOC Level 2),Sales (operating income),Other Services,Current prices,Trend,
BDCQ.SF1RS2CT,2017.03,2155.324,,R,Dollars,6,Business Data Collection - BDC,Industry by financial variable (NZSIOC Level 2),Sales (operating income),Other Services,Current prices,Trend,
BDCQ.SF1RS2CT,2017.06,2193.309,,R,Dollars,6,Business Data Collection - BDC,Industry by financial variable (NZSIOC Level 2),Sales (operating income),Other Services,Current prices,Trend,
BDCQ.SF1RS2CT,2017.09,2285.165,,R,Dollars,6,Business Data Collection - BDC,Industry by financial variable (NZSIOC Level 2),Sales (operating income),Other Services,Current prices,Trend,
BDCQ.SF1RS2CT,2017.12,2252.312,,R,Dollars,6,Business Data Collection - BDC,Industry by financial variable (NZSIOC Level 2),Sales (operating income),Other Services,Current prices,Trend,
BDCQ.SF1RS2CT,2018.03,2242.875,,R,Dollars,6,Business Data Collection - BDC,Industry by financial variable (NZSIOC Level 2),Sales (operating income),Other Services,Current prices,Trend,
BDCQ.SF1RS2CT,2018.06,2340.854,,R,Dollars,6,Business Data Collection - BDC,Industry by financial variable (NZSIOC Level 2),Sales (operating income),Other Services,Current prices,Trend,
BDCQ.SF1RS2CT,2018.09,2450.155,,R,Dollars,6,Business Data Collection - BDC,Industry by financial variable (NZSIOC Level 2),Sales (operating income),Other Services,Current prices,Trend,
BDCQ.SF1RS2CT,2018.12,2415.056,,R,Dollars,6,Business Data Collection - BDC,Industry by financial variable (NZSIOC Level 2),Sales (operating income),Other Services,Current prices,Trend,
BDCQ.SF1RS2CT,2019.03,2414.409,,R,Dollars,6,Business Data Collection - BDC,Industry by financial variable (NZSIOC Level 2),Sales (operating income),Other Services,Current prices,Trend,
BDCQ.SF1RS2CT,2019.06,2490.869,,R,Dollars,6,Business Data Collection - BDC,Industry by financial variable (NZSIOC Level 2),Sales (operating income),Other Services,Current prices,Trend,
BDCQ.SF1RS2CT,2019.09,2589.474,,R,Dollars,6,Business Data Collection - BDC,Industry by financial variable (NZSIOC Level 2),Sales (operating income),Other Services,Current prices,Trend,
BDCQ.SF1RS2CT,2019.12,2471.206,,R,Dollars,6,Business Data Collection - BDC,Industry by financial variable (NZSIOC Level 2),Sales (operating income),Other Services,Current prices,Trend,
BDCQ.SF1RS2CT,2020.03,2263.815,,R,Dollars,6,Business Data Collection - BDC,Industry by financial variable (NZSIOC Level 2),Sales (operating income),Other Services,Current prices,Trend,
BDCQ.SF1RS2CT,2020.06,2258.657,,R,Dollars,6,Business Data Collection - BDC,Industry by financial variable (NZSIOC Level 2),Sales (operating income),Other Services,Current prices,Trend,
BDCQ.SF1RS2CT,2020.09,2506.088,,R,Dollars,6,Business Data Collection - BDC,Industry by financial variable (NZSIOC Level 2),Sales (operating income),Other Services,Current prices,Trend,
BDCQ.SF1RS2CT,2020.12,2600.382,,R,Dollars,6,Business Data Collection - BDC,Industry by financial variable (NZSIOC Level 2),Sales (operating income),Other Services,Current prices,Trend,
BDCQ.SF1RS2CT,2021.03,2649.141,,R,Dollars,6,Business Data Collection - BDC,Industry by financial variable (NZSIOC Level 2),Sales (operating income),Other Services,Current prices,Trend,
BDCQ.SF1RS2CT,2021.06,2659.938,,R,Dollars,6,Business Data Collection - BDC,Industry by financial variable (NZSIOC Level 2),Sales (operating income),Other Services,Current prices,Trend,
BDCQ.SF1RS2CT,2021.09,2618.947,,F,Dollars,6,Business Data Collection - BDC,Industry by financial variable (NZSIOC Level 2),Sales (operating income),Other Services,Current prices,Trend,
BDCQ.SF1RSCA,2016.06,3079.593,,F,Dollars,6,Business Data Collection - BDC,Industry by financial variable (NZSIOC Level 1),Sales (operating income),"Arts, Recreation and Other Services",Current,Unadjusted,
BDCQ.SF1RSCA,2016.09,3292.213,,F,Dollars,6,Business Data Collection - BDC,Industry by financial variable (NZSIOC Level 1),Sales (operating income),"Arts, Recreation and Other Services",Current,Unadjusted,
BDCQ.SF1RSCA,2016.12,3456.216,,F,Dollars,6,Business Data Collection - BDC,Industry by financial variable (NZSIOC Level 1),Sales (operating income),"Arts, Recreation and Other Services",Current,Unadjusted,
BDCQ.SF1RSCA,2017.03,3317.373,,F,Dollars,6,Business Data Collection - BDC,Industry by financial variable (NZSIOC Level 1),Sales (operating income),"Arts, Recreation and Other Services",Current,Unadjusted,
BDCQ.SF1RSCA,2017.06,3327.254,,F,Dollars,6,Business Data Collection - BDC,Industry by financial variable (NZSIOC Level 1),Sales (operating income),"Arts, Recreation and Other Services",Current,Unadjusted,
BDCQ.SF1RSCA,2017.09,3453.172,,F,Dollars,6,Business Data Collection - BDC,Industry by financial variable (NZSIOC Level 1),Sales (operating income),"Arts, Recreation and Other Services",Current,Unadjusted,
BDCQ.SF1RSCA,2017.12,3537.993,,F,Dollars,6,Business Data Collection - BDC,Industry by financial variable (NZSIOC Level 1),Sales (operating income),"Arts, Recreation and Other Services",Current,Unadjusted,
BDCQ.SF1RSCA,2018.03,3409.471,,F,Dollars,6,Business Data Collection - BDC,Industry by financial variable (NZSIOC Level 1),Sales (operating income),"Arts, Recreation and Other Services",Current,Unadjusted,
BDCQ.SF1RSCA,2018.06,3550.493,,F,Dollars,6,Business Data Collection - BDC,Industry by financial variable (NZSIOC Level 1),Sales (operating income),"Arts, Recreation and Other Services",Current,Unadjusted,
BDCQ.SF1RSCA,2018.09,3750.16,,F,Dollars,6,Business Data Collection - BDC,Industry by financial variable (NZSIOC Level 1),Sales (operating income),"Arts, Recreation and Other Services",Current,Unadjusted,
BDCQ.SF1RSCA,2018.12,3719.97,,F,Dollars,6,Business Data Collection - BDC,Industry by financial variable (NZSIOC Level 1),Sales (operating income),"Arts, Recreation and Other Services",Current,Unadjusted,
BDCQ.SF1RSCA,2019.03,3688.599,,F,Dollars,6,Business Data Collection - BDC,Industry by financial variable (NZSIOC Level 1),Sales (operating income),"Arts, Recreation and Other Services",Current,Unadjusted,
BDCQ.SF1RSCA,2019.06,3747.633,,F,Dollars,6,Business Data Collection - BDC,Industry by financial variable (NZSIOC Level 1),Sales (operating income),"Arts, Recreation and Other Services",Current,Unadjusted,
BDCQ.SF1RSCA,2019.09,3964.319,,F,Dollars,6,Business Data Collection - BDC,Industry by financial variable (NZSIOC Level 1),Sales (operating income),"Arts, Recreation and Other Services",Current,Unadjusted,
BDCQ.SF1RSCA,2019.12,3963.263,,F,Dollars,6,Business Data Collection - BDC,Industry by financial variable (NZSIOC Level 1),Sales (operating income),"Arts, Recreation and Other Services",Current,Unadjusted,
BDCQ.SF1RSCA,2020.03,3737.409,,F,Dollars,6,Business Data Collection - BDC,Industry by financial variable (NZSIOC Level 1),Sales (operating income),"Arts, Recreation and Other Services",Current,Unadjusted,
BDCQ.SF1RSCA,2020.06,2725.244,,F,Dollars,6,Business Data Collection - BDC,Industry by financial variable (NZSIOC Level 1),Sales (operating income),"Arts, Recreation and Other Services",Current,Unadjusted,
BDCQ.SF1RSCA,2020.09,3731.055,,F,Dollars,6,Business Data Collection - BDC,Industry by financial variable (NZSIOC Level 1),Sales (operating income),"Arts, Recreation and Other Services",Current,Unadjusted,
BDCQ.SF1RSCA,2020.12,3926.369,,F,Dollars,6,Business Data Collection - BDC,Industry by financial variable (NZSIOC Level 1),Sales (operating income),"Arts, Recreation and Other Services",Current,Unadjusted,
BDCQ.SF1RSCA,2021.03,3845.028,,F,Dollars,6,Business Data Collection - BDC,Industry by financial variable (NZSIOC Level 1),Sales (operating income),"Arts, Recreation and Other Services",Current,Unadjusted,
BDCQ.SF1RSCA,2021.06,4194.699,,F,Dollars,6,Business Data Collection - BDC,Industry by financial variable (NZSIOC Level 1),Sales (operating income),"Arts, Recreation and Other Services",Current,Unadjusted,
BDCQ.SF1RSCA,2021.09,3904.336,,F,Dollars,6,Business Data Collection - BDC,Industry by financial variable (NZSIOC Level 1),Sales (operating income),"Arts, Recreation and Other Services",Current,Unadjusted,
BDCQ.SF1RSCS,2016.06,3083.448,,R,Dollars,6,Business Data Collection - BDC,Industry by financial variable (NZSIOC Level 1),Sales (operating income),"Arts, Recreation and Other Services",Current,Seasonally adjusted,
BDCQ.SF1RSCS,2016.09,3299.443,,R,Dollars,6,Business Data Collection - BDC,Industry by financial variable (NZSIOC Level 1),Sales (operating income),"Arts, Recreation and Other Services",Current,Seasonally adjusted,
BDCQ.SF1RSCS,2016.12,3468.479,,R,Dollars,6,Business Data Collection - BDC,Industry by financial variable (NZSIOC Level 1),Sales (operating income),"Arts, Recreation and Other Services",Current,Seasonally adjusted,
BDCQ.SF1RSCS,2017.03,3329.558,,R,Dollars,6,Business Data Collection - BDC,Industry by financial variable (NZSIOC Level 1),Sales (operating income),"Arts, Recreation and Other Services",Current,Seasonally adjusted,
BDCQ.SF1RSCS,2017.06,3338.245,,R,Dollars,6,Business Data Collection - BDC,Industry by financial variable (NZSIOC Level 1),Sales (operating income),"Arts, Recreation and Other Services",Current,Seasonally adjusted,
BDCQ.SF1RSCS,2017.09,3461.555,,R,Dollars,6,Business Data Collection - BDC,Industry by financial variable (NZSIOC Level 1),Sales (operating income),"Arts, Recreation and Other Services",Current,Seasonally adjusted,
BDCQ.SF1RSCS,2017.12,3544.736,,R,Dollars,6,Business Data Collection - BDC,Industry by financial variable (NZSIOC Level 1),Sales (operating income),"Arts, Recreation and Other Services",Current,Seasonally adjusted,
BDCQ.SF1RSCS,2018.03,3422.973,,R,Dollars,6,Business Data Collection - BDC,Industry by financial variable (NZSIOC Level 1),Sales (operating income),"Arts, Recreation and Other Services",Current,Seasonally adjusted,
BDCQ.SF1RSCS,2018.06,3561.401,,R,Dollars,6,Business Data Collection - BDC,Industry by financial variable (NZSIOC Level 1),Sales (operating income),"Arts, Recreation and Other Services",Current,Seasonally adjusted,
BDCQ.SF1RSCS,2018.09,3756.149,,R,Dollars,6,Business Data Collection - BDC,Industry by financial variable (NZSIOC Level 1),Sales (operating income),"Arts, Recreation and Other Services",Current,Seasonally adjusted,
BDCQ.SF1RSCS,2018.12,3729.045,,R,Dollars,6,Business Data Collection - BDC,Industry by financial variable (NZSIOC Level 1),Sales (operating income),"Arts, Recreation and Other Services",Current,Seasonally adjusted,
BDCQ.SF1RSCS,2019.03,3695.357,,R,Dollars,6,Business Data Collection - BDC,Industry by financial variable (NZSIOC Level 1),Sales (operating income),"Arts, Recreation and Other Services",Current,Seasonally adjusted,
BDCQ.SF1RSCS,2019.06,3738.202,,R,Dollars,6,Business Data Collection - BDC,Industry by financial variable (NZSIOC Level 1),Sales (operating income),"Arts, Recreation and Other Services",Current,Seasonally adjusted,
BDCQ.SF1RSCS,2019.09,3953.484,,R,Dollars,6,Business Data Collection - BDC,Industry by financial variable (NZSIOC Level 1),Sales (operating income),"Arts, Recreation and Other Services",Current,Seasonally adjusted,
BDCQ.SF1RSCS,2019.12,3951.142,,R,Dollars,6,Business Data Collection - BDC,Industry by financial variable (NZSIOC Level 1),Sales (operating income),"Arts, Recreation and Other Services",Current,Seasonally adjusted,
BDCQ.SF1RSCS,2020.03,3728.971,,R,Dollars,6,Business Data Collection - BDC,Industry by financial variable (NZSIOC Level 1),Sales (operating income),"Arts, Recreation and Other Services",Current,Seasonally adjusted,
BDCQ.SF1RSCS,2020.06,2725.244,,R,Dollars,6,Business Data Collection - BDC,Industry by financial variable (NZSIOC Level 1),Sales (operating income),"Arts, Recreation and Other Services",Current,Seasonally adjusted,
BDCQ.SF1RSCS,2020.09,3731.055,,R,Dollars,6,Business Data Collection - BDC,Industry by financial variable (NZSIOC Level 1),Sales (operating income),"Arts, Recreation and Other Services",Current,Seasonally adjusted,
BDCQ.SF1RSCS,2020.12,3926.369,,R,Dollars,6,Business Data Collection - BDC,Industry by financial variable (NZSIOC Level 1),Sales (operating income),"Arts, Recreation and Other Services",Current,Seasonally adjusted,
BDCQ.SF1RSCS,2021.03,3845.028,,R,Dollars,6,Business Data Collection - BDC,Industry by financial variable (NZSIOC Level 1),Sales (operating income),"Arts, Recreation and Other Services",Current,Seasonally adjusted,
BDCQ.SF1RSCS,2021.06,4194.699,,R,Dollars,6,Business Data Collection - BDC,Industry by financial variable (NZSIOC Level 1),Sales (operating income),"Arts, Recreation and Other Services",Current,Seasonally adjusted,
BDCQ.SF1RSCS,2021.09,3904.336,,F,Dollars,6,Business Data Collection - BDC,Industry by financial variable (NZSIOC Level 1),Sales (operating income),"Arts, Recreation and Other Services",Current,Seasonally adjusted,
BDCQ.SF1RSCT,2016.06,3109.491,,R,Dollars,6,Business Data Collection - BDC,Industry by financial variable (NZSIOC Level 1),Sales (operating income),"Arts, Recreation and Other Services",Current,Trend,
BDCQ.SF1RSCT,2016.09,3300.73,,R,Dollars,6,Business Data Collection - BDC,Industry by financial variable (NZSIOC Level 1),Sales (operating income),"Arts, Recreation and Other Services",Current,Trend,
BDCQ.SF1RSCT,2016.12,3415.864,,R,Dollars,6,Business Data Collection - BDC,Industry by financial variable (NZSIOC Level 1),Sales (operating income),"Arts, Recreation and Other Services",Current,Trend,
BDCQ.SF1RSCT,2017.03,3365.431,,R,Dollars,6,Business Data Collection - BDC,Industry by financial variable (NZSIOC Level 1),Sales (operating income),"Arts, Recreation and Other Services",Current,Trend,
BDCQ.SF1RSCT,2017.06,3347.186,,R,Dollars,6,Business Data Collection - BDC,Industry by financial variable (NZSIOC Level 1),Sales (operating income),"Arts, Recreation and Other Services",Current,Trend,
BDCQ.SF1RSCT,2017.09,3462.294,,R,Dollars,6,Business Data Collection - BDC,Industry by financial variable (NZSIOC Level 1),Sales (operating income),"Arts, Recreation and Other Services",Current,Trend,
BDCQ.SF1RSCT,2017.12,3498.481,,R,Dollars,6,Business Data Collection - BDC,Industry by financial variable (NZSIOC Level 1),Sales (operating income),"Arts, Recreation and Other Services",Current,Trend,
BDCQ.SF1RSCT,2018.03,3472.096,,R,Dollars,6,Business Data Collection - BDC,Industry by financial variable (NZSIOC Level 1),Sales (operating income),"Arts, Recreation and Other Services",Current,Trend,
BDCQ.SF1RSCT,2018.06,3566.857,,R,Dollars,6,Business Data Collection - BDC,Industry by financial variable (NZSIOC Level 1),Sales (operating income),"Arts, Recreation and Other Services",Current,Trend,
BDCQ.SF1RSCT,2018.09,3719.918,,R,Dollars,6,Business Data Collection - BDC,Industry by financial variable (NZSIOC Level 1),Sales (operating income),"Arts, Recreation and Other Services",Current,Trend,
BDCQ.SF1RSCT,2018.12,3738.749,,R,Dollars,6,Business Data Collection - BDC,Industry by financial variable (NZSIOC Level 1),Sales (operating income),"Arts, Recreation and Other Services",Current,Trend,
BDCQ.SF1RSCT,2019.03,3694.418,,R,Dollars,6,Business Data Collection - BDC,Industry by financial variable (NZSIOC Level 1),Sales (operating income),"Arts, Recreation and Other Services",Current,Trend,
BDCQ.SF1RSCT,2019.06,3773.885,,R,Dollars,6,Business Data Collection - BDC,Industry by financial variable (NZSIOC Level 1),Sales (operating income),"Arts, Recreation and Other Services",Current,Trend,
BDCQ.SF1RSCT,2019.09,3947.188,,R,Dollars,6,Business Data Collection - BDC,Industry by financial variable (NZSIOC Level 1),Sales (operating income),"Arts, Recreation and Other Services",Current,Trend,
BDCQ.SF1RSCT,2019.12,3864.776,,R,Dollars,6,Business Data Collection - BDC,Industry by financial variable (NZSIOC Level 1),Sales (operating income),"Arts, Recreation and Other Services",Current,Trend,
BDCQ.SF1RSCT,2020.03,3489.11,,R,Dollars,6,Business Data Collection - BDC,Industry by financial variable (NZSIOC Level 1),Sales (operating income),"Arts, Recreation and Other Services",Current,Trend,
BDCQ.SF1RSCT,2020.06,3261.709,,R,Dollars,6,Business Data Collection - BDC,Industry by financial variable (NZSIOC Level 1),Sales (operating income),"Arts, Recreation and Other Services",Current,Trend,
BDCQ.SF1RSCT,2020.09,3506.005,,R,Dollars,6,Business Data Collection - BDC,Industry by financial variable (NZSIOC Level 1),Sales (operating income),"Arts, Recreation and Other Services",Current,Trend,
BDCQ.SF1RSCT,2020.12,3793.065,,R,Dollars,6,Business Data Collection - BDC,Industry by financial variable (NZSIOC Level 1),Sales (operating income),"Arts, Recreation and Other Services",Current,Trend,
BDCQ.SF1RSCT,2021.03,3996.088,,R,Dollars,6,Business Data Collection - BDC,Industry by financial variable (NZSIOC Level 1),Sales (operating income),"Arts, Recreation and Other Services",Current,Trend,
BDCQ.SF1RSCT,2021.06,4037.888,,R,Dollars,6,Business Data Collection - BDC,Industry by financial variable (NZSIOC Level 1),Sales (operating income),"Arts, Recreation and Other Services",Current,Trend,
BDCQ.SF1RSCT,2021.09,4021.825,,F,Dollars,6,Business Data Collection - BDC,Industry by financial variable (NZSIOC Level 1),Sales (operating income),"Arts, Recreation and Other Services",Current,Trend,
BDCQ.SF2AA2CA,2016.06,726.611,,F,Dollars,6,Business Data Collection - BDC,Industry by financial variable (NZSIOC Level 2),Purchases and operating expenditure,Forestry and Logging,Current prices,Unadjusted,
BDCQ.SF2AA2CA,2016.09,679.087,,F,Dollars,6,Business Data Collection - BDC,Industry by financial variable (NZSIOC Level 2),Purchases and operating expenditure,Forestry and Logging,Current prices,Unadjusted,
BDCQ.SF2AA2CA,2016.12,711.031,,F,Dollars,6,Business Data Collection - BDC,Industry by financial variable (NZSIOC Level 2),Purchases and operating expenditure,Forestry and Logging,Current prices,Unadjusted,
BDCQ.SF2AA2CA,2017.03,703.814,,F,Dollars,6,Business Data Collection - BDC,Industry by financial variable (NZSIOC Level 2),Purchases and operating expenditure,Forestry and Logging,Current prices,Unadjusted,
BDCQ.SF2AA2CA,2017.06,816.845,,F,Dollars,6,Business Data Collection - BDC,Industry by financial variable (NZSIOC Level 2),Purchases and operating expenditure,Forestry and Logging,Current prices,Unadjusted,
BDCQ.SF2AA2CA,2017.09,828.607,,F,Dollars,6,Business Data Collection - BDC,Industry by financial variable (NZSIOC Level 2),Purchases and operating expenditure,Forestry and Logging,Current prices,Unadjusted,
BDCQ.SF2AA2CA,2017.12,829.187,,F,Dollars,6,Business Data Collection - BDC,Industry by financial variable (NZSIOC Level 2),Purchases and operating expenditure,Forestry and Logging,Current prices,Unadjusted,
BDCQ.SF2AA2CA,2018.03,954.802,,F,Dollars,6,Business Data Collection - BDC,Industry by financial variable (NZSIOC Level 2),Purchases and operating expenditure,Forestry and Logging,Current prices,Unadjusted,
BDCQ.SF2AA2CA,2018.06,1058.967,,F,Dollars,6,Business Data Collection - BDC,Industry by financial variable (NZSIOC Level 2),Purchases and operating expenditure,Forestry and Logging,Current prices,Unadjusted,
BDCQ.SF2AA2CA,2018.09,1087.09,,F,Dollars,6,Business Data Collection - BDC,Industry by financial variable (NZSIOC Level 2),Purchases and operating expenditure,Forestry and Logging,Current prices,Unadjusted,
BDCQ.SF2AA2CA,2018.12,1118.309,,F,Dollars,6,Business Data Collection - BDC,Industry by financial variable (NZSIOC Level 2),Purchases and operating expenditure,Forestry and Logging,Current prices,Unadjusted,
BDCQ.SF2AA2CA,2019.03,1007.684,,F,Dollars,6,Business Data Collection - BDC,Industry by financial variable (NZSIOC Level 2),Purchases and operating expenditure,Forestry and Logging,Current prices,Unadjusted,
BDCQ.SF2AA2CA,2019.06,1139.96,,F,Dollars,6,Business Data Collection - BDC,Industry by financial variable (NZSIOC Level 2),Purchases and operating expenditure,Forestry and Logging,Current prices,Unadjusted,
BDCQ.SF2AA2CA,2019.09,1076.938,,F,Dollars,6,Business Data Collection - BDC,Industry by financial variable (NZSIOC Level 2),Purchases and operating expenditure,Forestry and Logging,Current prices,Unadjusted,
BDCQ.SF2AA2CA,2019.12,1036.821,,F,Dollars,6,Business Data Collection - BDC,Industry by financial variable (NZSIOC Level 2),Purchases and operating expenditure,Forestry and Logging,Current prices,Unadjusted,
BDCQ.SF2AA2CA,2020.03,821.351,,F,Dollars,6,Business Data Collection - BDC,Industry by financial variable (NZSIOC Level 2),Purchases and operating expenditure,Forestry and Logging,Current prices,Unadjusted,
BDCQ.SF2AA2CA,2020.06,872.442,,F,Dollars,6,Business Data Collection - BDC,Industry by financial variable (NZSIOC Level 2),Purchases and operating expenditure,Forestry and Logging,Current prices,Unadjusted,
BDCQ.SF2AA2CA,2020.09,1113.127,,F,Dollars,6,Business Data Collection - BDC,Industry by financial variable (NZSIOC Level 2),Purchases and operating expenditure,Forestry and Logging,Current prices,Unadjusted,
BDCQ.SF2AA2CA,2020.12,1126.702,,F,Dollars,6,Business Data Collection - BDC,Industry by financial variable (NZSIOC Level 2),Purchases and operating expenditure,Forestry and Logging,Current prices,Unadjusted,
BDCQ.SF2AA2CA,2021.03,1038.363,,F,Dollars,6,Business Data Collection - BDC,Industry by financial variable (NZSIOC Level 2),Purchases and operating expenditure,Forestry and Logging,Current prices,Unadjusted,
BDCQ.SF2AA2CA,2021.06,1333.336,,F,Dollars,6,Business Data Collection - BDC,Industry by financial variable (NZSIOC Level 2),Purchases and operating expenditure,Forestry and Logging,Current prices,Unadjusted,
BDCQ.SF2AA2CA,2021.09,1341.71,,F,Dollars,6,Business Data Collection - BDC,Industry by financial variable (NZSIOC Level 2),Purchases and operating expenditure,Forestry and Logging,Current prices,Unadjusted,
BDCQ.SF2AA3CA,2016.06,763.095,,F,Dollars,6,Business Data Collection - BDC,Industry by financial variable (NZSIOC Level 2),Purchases and operating expenditure,"Fishing, Aquaculture and Agriculture, Forestry and Fishing Support Services",Current prices,Unadjusted,
BDCQ.SF2AA3CA,2016.09,760.118,,F,Dollars,6,Business Data Collection - BDC,Industry by financial variable (NZSIOC Level 2),Purchases and operating expenditure,"Fishing, Aquaculture and Agriculture, Forestry and Fishing Support Services",Current prices,Unadjusted,
BDCQ.SF2AA3CA,2016.12,874.383,,F,Dollars,6,Business Data Collection - BDC,Industry by financial variable (NZSIOC Level 2),Purchases and operating expenditure,"Fishing, Aquaculture and Agriculture, Forestry and Fishing Support Services",Current prices,Unadjusted,
BDCQ.SF2AA3CA,2017.03,845.049,,F,Dollars,6,Business Data Collection - BDC,Industry by financial variable (NZSIOC Level 2),Purchases and operating expenditure,"Fishing, Aquaculture and Agriculture, Forestry and Fishing Support Services",Current prices,Unadjusted,
BDCQ.SF2AA3CA,2017.06,823.961,,F,Dollars,6,Business Data Collection - BDC,Industry by financial variable (NZSIOC Level 2),Purchases and operating expenditure,"Fishing, Aquaculture and Agriculture, Forestry and Fishing Support Services",Current prices,Unadjusted,
BDCQ.SF2AA3CA,2017.09,904.947,,F,Dollars,6,Business Data Collection - BDC,Industry by financial variable (NZSIOC Level 2),Purchases and operating expenditure,"Fishing, Aquaculture and Agriculture, Forestry and Fishing Support Services",Current prices,Unadjusted,
BDCQ.SF2AA3CA,2017.12,1131.075,,F,Dollars,6,Business Data Collection - BDC,Industry by financial variable (NZSIOC Level 2),Purchases and operating expenditure,"Fishing, Aquaculture and Agriculture, Forestry and Fishing Support Services",Current prices,Unadjusted,
BDCQ.SF2AA3CA,2018.03,986.879,,F,Dollars,6,Business Data Collection - BDC,Industry by financial variable (NZSIOC Level 2),Purchases and operating expenditure,"Fishing, Aquaculture and Agriculture, Forestry and Fishing Support Services",Current prices,Unadjusted,
BDCQ.SF2AA3CA,2018.06,986.024,,F,Dollars,6,Business Data Collection - BDC,Industry by financial variable (NZSIOC Level 2),Purchases and operating expenditure,"Fishing, Aquaculture and Agriculture, Forestry and Fishing Support Services",Current prices,Unadjusted,
BDCQ.SF2AA3CA,2018.09,980.53,,F,Dollars,6,Business Data Collection - BDC,Industry by financial variable (NZSIOC Level 2),Purchases and operating expenditure,"Fishing, Aquaculture and Agriculture, Forestry and Fishing Support Services",Current prices,Unadjusted,
BDCQ.SF2AA3CA,2018.12,1099.343,,F,Dollars,6,Business Data Collection - BDC,Industry by financial variable (NZSIOC Level 2),Purchases and operating expenditure,"Fishing, Aquaculture and Agriculture, Forestry and Fishing Support Services",Current prices,Unadjusted,
BDCQ.SF2AA3CA,2019.03,1063.559,,F,Dollars,6,Business Data Collection - BDC,Industry by financial variable (NZSIOC Level 2),Purchases and operating expenditure,"Fishing, Aquaculture and Agriculture, Forestry and Fishing Support Services",Current prices,Unadjusted,
BDCQ.SF2AA3CA,2019.06,1036.563,,F,Dollars,6,Business Data Collection - BDC,Industry by financial variable (NZSIOC Level 2),Purchases and operating expenditure,"Fishing, Aquaculture and Agriculture, Forestry and Fishing Support Services",Current prices,Unadjusted,
BDCQ.SF2AA3CA,2019.09,1023.559,,F,Dollars,6,Business Data Collection - BDC,Industry by financial variable (NZSIOC Level 2),Purchases and operating expenditure,"Fishing, Aquaculture and Agriculture, Forestry and Fishing Support Services",Current prices,Unadjusted,
BDCQ.SF2AA3CA,2019.12,1180.536,,F,Dollars,6,Business Data Collection - BDC,Industry by financial variable (NZSIOC Level 2),Purchases and operating expenditure,"Fishing, Aquaculture and Agriculture, Forestry and Fishing Support Services",Current prices,Unadjusted,
BDCQ.SF2AA3CA,2020.03,987.553,,F,Dollars,6,Business Data Collection - BDC,Industry by financial variable (NZSIOC Level 2),Purchases and operating expenditure,"Fishing, Aquaculture and Agriculture, Forestry and Fishing Support Services",Current prices,Unadjusted,
BDCQ.SF2AA3CA,2020.06,906.278,,F,Dollars,6,Business Data Collection - BDC,Industry by financial variable (NZSIOC Level 2),Purchases and operating expenditure,"Fishing, Aquaculture and Agriculture, Forestry and Fishing Support Services",Current prices,Unadjusted,
BDCQ.SF2AA3CA,2020.09,1106.622,,F,Dollars,6,Business Data Collection - BDC,Industry by financial variable (NZSIOC Level 2),Purchases and operating expenditure,"Fishing, Aquaculture and Agriculture, Forestry and Fishing Support Services",Current prices,Unadjusted,
BDCQ.SF2AA3CA,2020.12,1315.407,,F,Dollars,6,Business Data Collection - BDC,Industry by financial variable (NZSIOC Level 2),Purchases and operating expenditure,"Fishing, Aquaculture and Agriculture, Forestry and Fishing Support Services",Current prices,Unadjusted,
BDCQ.SF2AA3CA,2021.03,1224.482,,F,Dollars,6,Business Data Collection - BDC,Industry by financial variable (NZSIOC Level 2),Purchases and operating expenditure,"Fishing, Aquaculture and Agriculture, Forestry and Fishing Support Services",Current prices,Unadjusted,
BDCQ.SF2AA3CA,2021.06,1279.985,,F,Dollars,6,Business Data Collection - BDC,Industry by financial variable (NZSIOC Level 2),Purchases and operating expenditure,"Fishing, Aquaculture and Agriculture, Forestry and Fishing Support Services",Current prices,Unadjusted,
BDCQ.SF2AA3CA,2021.09,1255.243,,F,Dollars,6,Business Data Collection - BDC,Industry by financial variable (NZSIOC Level 2),Purchases and operating expenditure,"Fishing, Aquaculture and Agriculture, Forestry and Fishing Support Services",Current prices,Unadjusted,
BDCQ.SF2AACA,2016.06,1489.706,,F,Dollars,6,Business Data Collection - BDC,Industry by financial variable (NZSIOC Level 1),Purchases and operating expenditure,"Agriculture, Forestry and Fishing",Current,Unadjusted,
BDCQ.SF2AACA,2016.09,1439.205,,F,Dollars,6,Business Data Collection - BDC,Industry by financial variable (NZSIOC Level 1),Purchases and operating expenditure,"Agriculture, Forestry and Fishing",Current,Unadjusted,
BDCQ.SF2AACA,2016.12,1585.414,,F,Dollars,6,Business Data Collection - BDC,Industry by financial variable (NZSIOC Level 1),Purchases and operating expenditure,"Agriculture, Forestry and Fishing",Current,Unadjusted,
BDCQ.SF2AACA,2017.03,1548.863,,F,Dollars,6,Business Data Collection - BDC,Industry by financial variable (NZSIOC Level 1),Purchases and operating expenditure,"Agriculture, Forestry and Fishing",Current,Unadjusted,
BDCQ.SF2AACA,2017.06,1640.806,,F,Dollars,6,Business Data Collection - BDC,Industry by financial variable (NZSIOC Level 1),Purchases and operating expenditure,"Agriculture, Forestry and Fishing",Current,Unadjusted,
BDCQ.SF2AACA,2017.09,1733.554,,F,Dollars,6,Business Data Collection - BDC,Industry by financial variable (NZSIOC Level 1),Purchases and operating expenditure,"Agriculture, Forestry and Fishing",Current,Unadjusted,
BDCQ.SF2AACA,2017.12,1960.262,,F,Dollars,6,Business Data Collection - BDC,Industry by financial variable (NZSIOC Level 1),Purchases and operating expenditure,"Agriculture, Forestry and Fishing",Current,Unadjusted,
BDCQ.SF2AACA,2018.03,1941.681,,F,Dollars,6,Business Data Collection - BDC,Industry by financial variable (NZSIOC Level 1),Purchases and operating expenditure,"Agriculture, Forestry and Fishing",Current,Unadjusted,
BDCQ.SF2AACA,2018.06,2044.991,,F,Dollars,6,Business Data Collection - BDC,Industry by financial variable (NZSIOC Level 1),Purchases and operating expenditure,"Agriculture, Forestry and Fishing",Current,Unadjusted,
BDCQ.SF2AACA,2018.09,2067.62,,F,Dollars,6,Business Data Collection - BDC,Industry by financial variable (NZSIOC Level 1),Purchases and operating expenditure,"Agriculture, Forestry and Fishing",Current,Unadjusted,
BDCQ.SF2AACA,2018.12,2217.652,,F,Dollars,6,Business Data Collection - BDC,Industry by financial variable (NZSIOC Level 1),Purchases and operating expenditure,"Agriculture, Forestry and Fishing",Current,Unadjusted,
BDCQ.SF2AACA,2019.03,2071.243,,F,Dollars,6,Business Data Collection - BDC,Industry by financial variable (NZSIOC Level 1),Purchases and operating expenditure,"Agriculture, Forestry and Fishing",Current,Unadjusted,
BDCQ.SF2AACA,2019.06,2176.523,,F,Dollars,6,Business Data Collection - BDC,Industry by financial variable (NZSIOC Level 1),Purchases and operating expenditure,"Agriculture, Forestry and Fishing",Current,Unadjusted,
BDCQ.SF2AACA,2019.09,2100.497,,F,Dollars,6,Business Data Collection - BDC,Industry by financial variable (NZSIOC Level 1),Purchases and operating expenditure,"Agriculture, Forestry and Fishing",Current,Unadjusted,
BDCQ.SF2AACA,2019.12,2217.357,,F,Dollars,6,Business Data Collection - BDC,Industry by financial variable (NZSIOC Level 1),Purchases and operating expenditure,"Agriculture, Forestry and Fishing",Current,Unadjusted,
BDCQ.SF2AACA,2020.03,1808.904,,F,Dollars,6,Business Data Collection - BDC,Industry by financial variable (NZSIOC Level 1),Purchases and operating expenditure,"Agriculture, Forestry and Fishing",Current,Unadjusted,
BDCQ.SF2AACA,2020.06,1778.72,,F,Dollars,6,Business Data Collection - BDC,Industry by financial variable (NZSIOC Level 1),Purchases and operating expenditure,"Agriculture, Forestry and Fishing",Current,Unadjusted,
BDCQ.SF2AACA,2020.09,2219.749,,F,Dollars,6,Business Data Collection - BDC,Industry by financial variable (NZSIOC Level 1),Purchases and operating expenditure,"Agriculture, Forestry and Fishing",Current,Unadjusted,
BDCQ.SF2AACA,2020.12,2442.109,,F,Dollars,6,Business Data Collection - BDC,Industry by financial variable (NZSIOC Level 1),Purchases and operating expenditure,"Agriculture, Forestry and Fishing",Current,Unadjusted,
BDCQ.SF2AACA,2021.03,2262.845,,F,Dollars,6,Business Data Collection - BDC,Industry by financial variable (NZSIOC Level 1),Purchases and operating expenditure,"Agriculture, Forestry and Fishing",Current,Unadjusted,
BDCQ.SF2AACA,2021.06,2613.321,,F,Dollars,6,Business Data Collection - BDC,Industry by financial variable (NZSIOC Level 1),Purchases and operating expenditure,"Agriculture, Forestry and Fishing",Current,Unadjusted,
BDCQ.SF2AACA,2021.09,2596.954,,F,Dollars,6,Business Data Collection - BDC,Industry by financial variable (NZSIOC Level 1),Purchases and operating expenditure,"Agriculture, Forestry and Fishing",Current,Unadjusted,
BDCQ.SF2BB1CA,2016.06,630.108,,F,Dollars,6,Business Data Collection - BDC,Industry by financial variable (NZSIOC Level 2),Purchases and operating expenditure,Mining,Current prices,Unadjusted,
BDCQ.SF2BB1CA,2016.09,652.731,,F,Dollars,6,Business Data Collection - BDC,Industry by financial variable (NZSIOC Level 2),Purchases and operating expenditure,Mining,Current prices,Unadjusted,
BDCQ.SF2BB1CA,2016.12,657.66,,F,Dollars,6,Business Data Collection - BDC,Industry by financial variable (NZSIOC Level 2),Purchases and operating expenditure,Mining,Current prices,Unadjusted,
BDCQ.SF2BB1CA,2017.03,627.075,,F,Dollars,6,Business Data Collection - BDC,Industry by financial variable (NZSIOC Level 2),Purchases and operating expenditure,Mining,Current prices,Unadjusted,
BDCQ.SF2BB1CA,2017.06,688.486,,F,Dollars,6,Business Data Collection - BDC,Industry by financial variable (NZSIOC Level 2),Purchases and operating expenditure,Mining,Current prices,Unadjusted,
BDCQ.SF2BB1CA,2017.09,701.891,,F,Dollars,6,Business Data Collection - BDC,Industry by financial variable (NZSIOC Level 2),Purchases and operating expenditure,Mining,Current prices,Unadjusted,
BDCQ.SF2BB1CA,2017.12,711.771,,F,Dollars,6,Business Data Collection - BDC,Industry by financial variable (NZSIOC Level 2),Purchases and operating expenditure,Mining,Current prices,Unadjusted,
BDCQ.SF2BB1CA,2018.03,727.368,,F,Dollars,6,Business Data Collection - BDC,Industry by financial variable (NZSIOC Level 2),Purchases and operating expenditure,Mining,Current prices,Unadjusted,
BDCQ.SF2BB1CA,2018.06,660.285,,F,Dollars,6,Business Data Collection - BDC,Industry by financial variable (NZSIOC Level 2),Purchases and operating expenditure,Mining,Current prices,Unadjusted,
BDCQ.SF2BB1CA,2018.09,759.113,,F,Dollars,6,Business Data Collection - BDC,Industry by financial variable (NZSIOC Level 2),Purchases and operating expenditure,Mining,Current prices,Unadjusted,
BDCQ.SF2BB1CA,2018.12,735.914,,F,Dollars,6,Business Data Collection - BDC,Industry by financial variable (NZSIOC Level 2),Purchases and operating expenditure,Mining,Current prices,Unadjusted,
BDCQ.SF2BB1CA,2019.03,634.877,,F,Dollars,6,Business Data Collection - BDC,Industry by financial variable (NZSIOC Level 2),Purchases and operating expenditure,Mining,Current prices,Unadjusted,
BDCQ.SF2BB1CA,2019.06,722.601,,F,Dollars,6,Business Data Collection - BDC,Industry by financial variable (NZSIOC Level 2),Purchases and operating expenditure,Mining,Current prices,Unadjusted,
BDCQ.SF2BB1CA,2019.09,673.464,,F,Dollars,6,Business Data Collection - BDC,Industry by financial variable (NZSIOC Level 2),Purchases and operating expenditure,Mining,Current prices,Unadjusted,
BDCQ.SF2BB1CA,2019.12,710.992,,F,Dollars,6,Business Data Collection - BDC,Industry by financial variable (NZSIOC Level 2),Purchases and operating expenditure,Mining,Current prices,Unadjusted,
BDCQ.SF2BB1CA,2020.03,621.335,,F,Dollars,6,Business Data Collection - BDC,Industry by financial variable (NZSIOC Level 2),Purchases and operating expenditure,Mining,Current prices,Unadjusted,
BDCQ.SF2BB1CA,2020.06,577.13,,F,Dollars,6,Business Data Collection - BDC,Industry by financial variable (NZSIOC Level 2),Purchases and operating expenditure,Mining,Current prices,Unadjusted,
BDCQ.SF2BB1CA,2020.09,528.234,,F,Dollars,6,Business Data Collection - BDC,Industry by financial variable (NZSIOC Level 2),Purchases and operating expenditure,Mining,Current prices,Unadjusted,
BDCQ.SF2BB1CA,2020.12,593.05,,F,Dollars,6,Business Data Collection - BDC,Industry by financial variable (NZSIOC Level 2),Purchases and operating expenditure,Mining,Current prices,Unadjusted,
BDCQ.SF2BB1CA,2021.03,571.944,,F,Dollars,6,Business Data Collection - BDC,Industry by financial variable (NZSIOC Level 2),Purchases and operating expenditure,Mining,Current prices,Unadjusted,
BDCQ.SF2BB1CA,2021.06,614.578,,F,Dollars,6,Business Data Collection - BDC,Industry by financial variable (NZSIOC Level 2),Purchases and operating expenditure,Mining,Current prices,Unadjusted,
BDCQ.SF2BB1CA,2021.09,583.595,,F,Dollars,6,Business Data Collection - BDC,Industry by financial variable (NZSIOC Level 2),Purchases and operating expenditure,Mining,Current prices,Unadjusted,
BDCQ.SF2BBCA,2016.06,630.108,,F,Dollars,6,Business Data Collection - BDC,Industry by financial variable (NZSIOC Level 1),Purchases and operating expenditure,Mining,Current,Unadjusted,
BDCQ.SF2BBCA,2016.09,652.731,,F,Dollars,6,Business Data Collection - BDC,Industry by financial variable (NZSIOC Level 1),Purchases and operating expenditure,Mining,Current,Unadjusted,
BDCQ.SF2BBCA,2016.12,657.66,,F,Dollars,6,Business Data Collection - BDC,Industry by financial variable (NZSIOC Level 1),Purchases and operating expenditure,Mining,Current,Unadjusted,
BDCQ.SF2BBCA,2017.03,627.075,,F,Dollars,6,Business Data Collection - BDC,Industry by financial variable (NZSIOC Level 1),Purchases and operating expenditure,Mining,Current,Unadjusted,
BDCQ.SF2BBCA,2017.06,688.486,,F,Dollars,6,Business Data Collection - BDC,Industry by financial variable (NZSIOC Level 1),Purchases and operating expenditure,Mining,Current,Unadjusted,
BDCQ.SF2BBCA,2017.09,701.891,,F,Dollars,6,Business Data Collection - BDC,Industry by financial variable (NZSIOC Level 1),Purchases and operating expenditure,Mining,Current,Unadjusted,
BDCQ.SF2BBCA,2017.12,711.771,,F,Dollars,6,Business Data Collection - BDC,Industry by financial variable (NZSIOC Level 1),Purchases and operating expenditure,Mining,Current,Unadjusted,
BDCQ.SF2BBCA,2018.03,727.368,,F,Dollars,6,Business Data Collection - BDC,Industry by financial variable (NZSIOC Level 1),Purchases and operating expenditure,Mining,Current,Unadjusted,
BDCQ.SF2BBCA,2018.06,660.285,,F,Dollars,6,Business Data Collection - BDC,Industry by financial variable (NZSIOC Level 1),Purchases and operating expenditure,Mining,Current,Unadjusted,
BDCQ.SF2BBCA,2018.09,759.113,,F,Dollars,6,Business Data Collection - BDC,Industry by financial variable (NZSIOC Level 1),Purchases and operating expenditure,Mining,Current,Unadjusted,
BDCQ.SF2BBCA,2018.12,735.914,,F,Dollars,6,Business Data Collection - BDC,Industry by financial variable (NZSIOC Level 1),Purchases and operating expenditure,Mining,Current,Unadjusted,
BDCQ.SF2BBCA,2019.03,634.877,,F,Dollars,6,Business Data Collection - BDC,Industry by financial variable (NZSIOC Level 1),Purchases and operating expenditure,Mining,Current,Unadjusted,
BDCQ.SF2BBCA,2019.06,722.601,,F,Dollars,6,Business Data Collection - BDC,Industry by financial variable (NZSIOC Level 1),Purchases and operating expenditure,Mining,Current,Unadjusted,
BDCQ.SF2BBCA,2019.09,673.464,,F,Dollars,6,Business Data Collection - BDC,Industry by financial variable (NZSIOC Level 1),Purchases and operating expenditure,Mining,Current,Unadjusted,
BDCQ.SF2BBCA,2019.12,710.992,,F,Dollars,6,Business Data Collection - BDC,Industry by financial variable (NZSIOC Level 1),Purchases and operating expenditure,Mining,Current,Unadjusted,
BDCQ.SF2BBCA,2020.03,621.335,,F,Dollars,6,Business Data Collection - BDC,Industry by financial variable (NZSIOC Level 1),Purchases and operating expenditure,Mining,Current,Unadjusted,
BDCQ.SF2BBCA,2020.06,577.13,,F,Dollars,6,Business Data Collection - BDC,Industry by financial variable (NZSIOC Level 1),Purchases and operating expenditure,Mining,Current,Unadjusted,
BDCQ.SF2BBCA,2020.09,528.234,,F,Dollars,6,Business Data Collection - BDC,Industry by financial variable (NZSIOC Level 1),Purchases and operating expenditure,Mining,Current,Unadjusted,
BDCQ.SF2BBCA,2020.12,593.05,,F,Dollars,6,Business Data Collection - BDC,Industry by financial variable (NZSIOC Level 1),Purchases and operating expenditure,Mining,Current,Unadjusted,
BDCQ.SF2BBCA,2021.03,571.944,,F,Dollars,6,Business Data Collection - BDC,Industry by financial variable (NZSIOC Level 1),Purchases and operating expenditure,Mining,Current,Unadjusted,
BDCQ.SF2BBCA,2021.06,614.578,,F,Dollars,6,Business Data Collection - BDC,Industry by financial variable (NZSIOC Level 1),Purchases and operating expenditure,Mining,Current,Unadjusted,
BDCQ.SF2BBCA,2021.09,583.595,,F,Dollars,6,Business Data Collection - BDC,Industry by financial variable (NZSIOC Level 1),Purchases and operating expenditure,Mining,Current,Unadjusted,
BDCQ.SF2CC1CA,2016.06,8583.387,,F,Dollars,6,Business Data Collection - BDC,Industry by financial variable (NZSIOC Level 2),Purchases and operating expenditure,"Food, Beverage and Tobacco Product Manufacturing",Current prices,Unadjusted,
BDCQ.SF2CC1CA,2016.09,6762.819,,F,Dollars,6,Business Data Collection - BDC,Industry by financial variable (NZSIOC Level 2),Purchases and operating expenditure,"Food, Beverage and Tobacco Product Manufacturing",Current prices,Unadjusted,
BDCQ.SF2CC1CA,2016.12,9745.161,,F,Dollars,6,Business Data Collection - BDC,Industry by financial variable (NZSIOC Level 2),Purchases and operating expenditure,"Food, Beverage and Tobacco Product Manufacturing",Current prices,Unadjusted,
BDCQ.SF2CC1CA,2017.03,9639.343,,F,Dollars,6,Business Data Collection - BDC,Industry by financial variable (NZSIOC Level 2),Purchases and operating expenditure,"Food, Beverage and Tobacco Product Manufacturing",Current prices,Unadjusted,
BDCQ.SF2CC1CA,2017.06,9644.515,,F,Dollars,6,Business Data Collection - BDC,Industry by financial variable (NZSIOC Level 2),Purchases and operating expenditure,"Food, Beverage and Tobacco Product Manufacturing",Current prices,Unadjusted,
BDCQ.SF2CC1CA,2017.09,8178.247,,F,Dollars,6,Business Data Collection - BDC,Industry by financial variable (NZSIOC Level 2),Purchases and operating expenditure,"Food, Beverage and Tobacco Product Manufacturing",Current prices,Unadjusted,
BDCQ.SF2CC1CA,2017.12,10654.044,,F,Dollars,6,Business Data Collection - BDC,Industry by financial variable (NZSIOC Level 2),Purchases and operating expenditure,"Food, Beverage and Tobacco Product Manufacturing",Current prices,Unadjusted,
BDCQ.SF2CC1CA,2018.03,10387.143,,F,Dollars,6,Business Data Collection - BDC,Industry by financial variable (NZSIOC Level 2),Purchases and operating expenditure,"Food, Beverage and Tobacco Product Manufacturing",Current prices,Unadjusted,
BDCQ.SF2CC1CA,2018.06,10598.968,,F,Dollars,6,Business Data Collection - BDC,Industry by financial variable (NZSIOC Level 2),Purchases and operating expenditure,"Food, Beverage and Tobacco Product Manufacturing",Current prices,Unadjusted,
BDCQ.SF2CC1CA,2018.09,8527.784,,F,Dollars,6,Business Data Collection - BDC,Industry by financial variable (NZSIOC Level 2),Purchases and operating expenditure,"Food, Beverage and Tobacco Product Manufacturing",Current prices,Unadjusted,
BDCQ.SF2CC1CA,2018.12,11181.95,,F,Dollars,6,Business Data Collection - BDC,Industry by financial variable (NZSIOC Level 2),Purchases and operating expenditure,"Food, Beverage and Tobacco Product Manufacturing",Current prices,Unadjusted,
BDCQ.SF2CC1CA,2019.03,11094.75,,F,Dollars,6,Business Data Collection - BDC,Industry by financial variable (NZSIOC Level 2),Purchases and operating expenditure,"Food, Beverage and Tobacco Product Manufacturing",Current prices,Unadjusted,
BDCQ.SF2CC1CA,2019.06,10719.262,,F,Dollars,6,Business Data Collection - BDC,Industry by financial variable (NZSIOC Level 2),Purchases and operating expenditure,"Food, Beverage and Tobacco Product Manufacturing",Current prices,Unadjusted,
BDCQ.SF2CC1CA,2019.09,8953.428,,F,Dollars,6,Business Data Collection - BDC,Industry by financial variable (NZSIOC Level 2),Purchases and operating expenditure,"Food, Beverage and Tobacco Product Manufacturing",Current prices,Unadjusted,
BDCQ.SF2CC1CA,2019.12,12481.606,,F,Dollars,6,Business Data Collection - BDC,Industry by financial variable (NZSIOC Level 2),Purchases and operating expenditure,"Food, Beverage and Tobacco Product Manufacturing",Current prices,Unadjusted,
BDCQ.SF2CC1CA,2020.03,11375.004,,F,Dollars,6,Business Data Collection - BDC,Industry by financial variable (NZSIOC Level 2),Purchases and operating expenditure,"Food, Beverage and Tobacco Product Manufacturing",Current prices,Unadjusted,
BDCQ.SF2CC1CA,2020.06,10738.719,,F,Dollars,6,Business Data Collection - BDC,Industry by financial variable (NZSIOC Level 2),Purchases and operating expenditure,"Food, Beverage and Tobacco Product Manufacturing",Current prices,Unadjusted,
BDCQ.SF2CC1CA,2020.09,9179.573,,F,Dollars,6,Business Data Collection - BDC,Industry by financial variable (NZSIOC Level 2),Purchases and operating expenditure,"Food, Beverage and Tobacco Product Manufacturing",Current prices,Unadjusted,
BDCQ.SF2CC1CA,2020.12,11803.382,,F,Dollars,6,Business Data Collection - BDC,Industry by financial variable (NZSIOC Level 2),Purchases and operating expenditure,"Food, Beverage and Tobacco Product Manufacturing",Current prices,Unadjusted,
BDCQ.SF2CC1CA,2021.03,11773.978,,F,Dollars,6,Business Data Collection - BDC,Industry by financial variable (NZSIOC Level 2),Purchases and operating expenditure,"Food, Beverage and Tobacco Product Manufacturing",Current prices,Unadjusted,
BDCQ.SF2CC1CA,2021.06,11857.516,,F,Dollars,6,Business Data Collection - BDC,Industry by financial variable (NZSIOC Level 2),Purchases and operating expenditure,"Food, Beverage and Tobacco Product Manufacturing",Current prices,Unadjusted,
BDCQ.SF2CC1CA,2021.09,10049.914,,F,Dollars,6,Business Data Collection - BDC,Industry by financial variable (NZSIOC Level 2),Purchases and operating expenditure,"Food, Beverage and Tobacco Product Manufacturing",Current prices,Unadjusted,
BDCQ.SF2CC2CA,2016.06,381.108,,F,Dollars,6,Business Data Collection - BDC,Industry by financial variable (NZSIOC Level 2),Purchases and operating expenditure,"Textile, Leather, Clothing and Footwear Manufacturing",Current prices,Unadjusted,
BDCQ.SF2CC2CA,2016.09,365.938,,F,Dollars,6,Business Data Collection - BDC,Industry by financial variable (NZSIOC Level 2),Purchases and operating expenditure,"Textile, Leather, Clothing and Footwear Manufacturing",Current prices,Unadjusted,
BDCQ.SF2CC2CA,2016.12,336.06,,F,Dollars,6,Business Data Collection - BDC,Industry by financial variable (NZSIOC Level 2),Purchases and operating expenditure,"Textile, Leather, Clothing and Footwear Manufacturing",Current prices,Unadjusted,
BDCQ.SF2CC2CA,2017.03,379.005,,F,Dollars,6,Business Data Collection - BDC,Industry by financial variable (NZSIOC Level 2),Purchases and operating expenditure,"Textile, Leather, Clothing and Footwear Manufacturing",Current prices,Unadjusted,
BDCQ.SF2CC2CA,2017.06,363.829,,F,Dollars,6,Business Data Collection - BDC,Industry by financial variable (NZSIOC Level 2),Purchases and operating expenditure,"Textile, Leather, Clothing and Footwear Manufacturing",Current prices,Unadjusted,
BDCQ.SF2CC2CA,2017.09,362.323,,F,Dollars,6,Business Data Collection - BDC,Industry by financial variable (NZSIOC Level 2),Purchases and operating expenditure,"Textile, Leather, Clothing and Footwear Manufacturing",Current prices,Unadjusted,
BDCQ.SF2CC2CA,2017.12,372.797,,F,Dollars,6,Business Data Collection - BDC,Industry by financial variable (NZSIOC Level 2),Purchases and operating expenditure,"Textile, Leather, Clothing and Footwear Manufacturing",Current prices,Unadjusted,
BDCQ.SF2CC2CA,2018.03,377.845,,F,Dollars,6,Business Data Collection - BDC,Industry by financial variable (NZSIOC Level 2),Purchases and operating expenditure,"Textile, Leather, Clothing and Footwear Manufacturing",Current prices,Unadjusted,
BDCQ.SF2CC2CA,2018.06,396.162,,F,Dollars,6,Business Data Collection - BDC,Industry by financial variable (NZSIOC Level 2),Purchases and operating expenditure,"Textile, Leather, Clothing and Footwear Manufacturing",Current prices,Unadjusted,
BDCQ.SF2CC2CA,2018.09,388.968,,F,Dollars,6,Business Data Collection - BDC,Industry by financial variable (NZSIOC Level 2),Purchases and operating expenditure,"Textile, Leather, Clothing and Footwear Manufacturing",Current prices,Unadjusted,
BDCQ.SF2CC2CA,2018.12,368.726,,F,Dollars,6,Business Data Collection - BDC,Industry by financial variable (NZSIOC Level 2),Purchases and operating expenditure,"Textile, Leather, Clothing and Footwear Manufacturing",Current prices,Unadjusted,
BDCQ.SF2CC2CA,2019.03,380.822,,F,Dollars,6,Business Data Collection - BDC,Industry by financial variable (NZSIOC Level 2),Purchases and operating expenditure,"Textile, Leather, Clothing and Footwear Manufacturing",Current prices,Unadjusted,
BDCQ.SF2CC2CA,2019.06,341.389,,F,Dollars,6,Business Data Collection - BDC,Industry by financial variable (NZSIOC Level 2),Purchases and operating expenditure,"Textile, Leather, Clothing and Footwear Manufacturing",Current prices,Unadjusted,
BDCQ.SF2CC2CA,2019.09,362.39,,F,Dollars,6,Business Data Collection - BDC,Industry by financial variable (NZSIOC Level 2),Purchases and operating expenditure,"Textile, Leather, Clothing and Footwear Manufacturing",Current prices,Unadjusted,
BDCQ.SF2CC2CA,2019.12,346.191,,F,Dollars,6,Business Data Collection - BDC,Industry by financial variable (NZSIOC Level 2),Purchases and operating expenditure,"Textile, Leather, Clothing and Footwear Manufacturing",Current prices,Unadjusted,
BDCQ.SF2CC2CA,2020.03,308.116,,F,Dollars,6,Business Data Collection - BDC,Industry by financial variable (NZSIOC Level 2),Purchases and operating expenditure,"Textile, Leather, Clothing and Footwear Manufacturing",Current prices,Unadjusted,
BDCQ.SF2CC2CA,2020.06,222.776,,F,Dollars,6,Business Data Collection - BDC,Industry by financial variable (NZSIOC Level 2),Purchases and operating expenditure,"Textile, Leather, Clothing and Footwear Manufacturing",Current prices,Unadjusted,
BDCQ.SF2CC2CA,2020.09,330.791,,F,Dollars,6,Business Data Collection - BDC,Industry by financial variable (NZSIOC Level 2),Purchases and operating expenditure,"Textile, Leather, Clothing and Footwear Manufacturing",Current prices,Unadjusted,
BDCQ.SF2CC2CA,2020.12,315.824,,F,Dollars,6,Business Data Collection - BDC,Industry by financial variable (NZSIOC Level 2),Purchases and operating expenditure,"Textile, Leather, Clothing and Footwear Manufacturing",Current prices,Unadjusted,
BDCQ.SF2CC2CA,2021.03,317.27,,F,Dollars,6,Business Data Collection - BDC,Industry by financial variable (NZSIOC Level 2),Purchases and operating expenditure,"Textile, Leather, Clothing and Footwear Manufacturing",Current prices,Unadjusted,
BDCQ.SF2CC2CA,2021.06,316.151,,F,Dollars,6,Business Data Collection - BDC,Industry by financial variable (NZSIOC Level 2),Purchases and operating expenditure,"Textile, Leather, Clothing and Footwear Manufacturing",Current prices,Unadjusted,
BDCQ.SF2CC2CA,2021.09,340.224,,F,Dollars,6,Business Data Collection - BDC,Industry by financial variable (NZSIOC Level 2),Purchases and operating expenditure,"Textile, Leather, Clothing and Footwear Manufacturing",Current prices,Unadjusted,
BDCQ.SF2CC3CA,2016.06,1749.535,,F,Dollars,6,Business Data Collection - BDC,Industry by financial variable (NZSIOC Level 2),Purchases and operating expenditure,Wood and Paper Products Manufacturing,Current prices,Unadjusted,
BDCQ.SF2CC3CA,2016.09,1726.374,,F,Dollars,6,Business Data Collection - BDC,Industry by financial variable (NZSIOC Level 2),Purchases and operating expenditure,Wood and Paper Products Manufacturing,Current prices,Unadjusted,
BDCQ.SF2CC3CA,2016.12,1611.543,,F,Dollars,6,Business Data Collection - BDC,Industry by financial variable (NZSIOC Level 2),Purchases and operating expenditure,Wood and Paper Products Manufacturing,Current prices,Unadjusted,
BDCQ.SF2CC3CA,2017.03,1584.134,,F,Dollars,6,Business Data Collection - BDC,Industry by financial variable (NZSIOC Level 2),Purchases and operating expenditure,Wood and Paper Products Manufacturing,Current prices,Unadjusted,
BDCQ.SF2CC3CA,2017.06,1713.337,,F,Dollars,6,Business Data Collection - BDC,Industry by financial variable (NZSIOC Level 2),Purchases and operating expenditure,Wood and Paper Products Manufacturing,Current prices,Unadjusted,
BDCQ.SF2CC3CA,2017.09,1775.458,,F,Dollars,6,Business Data Collection - BDC,Industry by financial variable (NZSIOC Level 2),Purchases and operating expenditure,Wood and Paper Products Manufacturing,Current prices,Unadjusted,
BDCQ.SF2CC3CA,2017.12,1705.49,,F,Dollars,6,Business Data Collection - BDC,Industry by financial variable (NZSIOC Level 2),Purchases and operating expenditure,Wood and Paper Products Manufacturing,Current prices,Unadjusted,
BDCQ.SF2CC3CA,2018.03,1677.047,,F,Dollars,6,Business Data Collection - BDC,Industry by financial variable (NZSIOC Level 2),Purchases and operating expenditure,Wood and Paper Products Manufacturing,Current prices,Unadjusted,
BDCQ.SF2CC3CA,2018.06,1855.671,,F,Dollars,6,Business Data Collection - BDC,Industry by financial variable (NZSIOC Level 2),Purchases and operating expenditure,Wood and Paper Products Manufacturing,Current prices,Unadjusted,
BDCQ.SF2CC3CA,2018.09,1807.769,,F,Dollars,6,Business Data Collection - BDC,Industry by financial variable (NZSIOC Level 2),Purchases and operating expenditure,Wood and Paper Products Manufacturing,Current prices,Unadjusted,
BDCQ.SF2CC3CA,2018.12,1810.018,,F,Dollars,6,Business Data Collection - BDC,Industry by financial variable (NZSIOC Level 2),Purchases and operating expenditure,Wood and Paper Products Manufacturing,Current prices,Unadjusted,
BDCQ.SF2CC3CA,2019.03,1728.61,,F,Dollars,6,Business Data Collection - BDC,Industry by financial variable (NZSIOC Level 2),Purchases and operating expenditure,Wood and Paper Products Manufacturing,Current prices,Unadjusted,
BDCQ.SF2CC3CA,2019.06,1896.154,,F,Dollars,6,Business Data Collection - BDC,Industry by financial variable (NZSIOC Level 2),Purchases and operating expenditure,Wood and Paper Products Manufacturing,Current prices,Unadjusted,
BDCQ.SF2CC3CA,2019.09,1872.256,,F,Dollars,6,Business Data Collection - BDC,Industry by financial variable (NZSIOC Level 2),Purchases and operating expenditure,Wood and Paper Products Manufacturing,Current prices,Unadjusted,
BDCQ.SF2CC3CA,2019.12,1790.392,,F,Dollars,6,Business Data Collection - BDC,Industry by financial variable (NZSIOC Level 2),Purchases and operating expenditure,Wood and Paper Products Manufacturing,Current prices,Unadjusted,
BDCQ.SF2CC3CA,2020.03,1679.871,,F,Dollars,6,Business Data Collection - BDC,Industry by financial variable (NZSIOC Level 2),Purchases and operating expenditure,Wood and Paper Products Manufacturing,Current prices,Unadjusted,
BDCQ.SF2CC3CA,2020.06,1439.805,,F,Dollars,6,Business Data Collection - BDC,Industry by financial variable (NZSIOC Level 2),Purchases and operating expenditure,Wood and Paper Products Manufacturing,Current prices,Unadjusted,
BDCQ.SF2CC3CA,2020.09,1810.385,,F,Dollars,6,Business Data Collection - BDC,Industry by financial variable (NZSIOC Level 2),Purchases and operating expenditure,Wood and Paper Products Manufacturing,Current prices,Unadjusted,
BDCQ.SF2CC3CA,2020.12,1836.026,,F,Dollars,6,Business Data Collection - BDC,Industry by financial variable (NZSIOC Level 2),Purchases and operating expenditure,Wood and Paper Products Manufacturing,Current prices,Unadjusted,
BDCQ.SF2CC3CA,2021.03,1729.517,,F,Dollars,6,Business Data Collection - BDC,Industry by financial variable (NZSIOC Level 2),Purchases and operating expenditure,Wood and Paper Products Manufacturing,Current prices,Unadjusted,
BDCQ.SF2CC3CA,2021.06,1968.484,,F,Dollars,6,Business Data Collection - BDC,Industry by financial variable (NZSIOC Level 2),Purchases and operating expenditure,Wood and Paper Products Manufacturing,Current prices,Unadjusted,
BDCQ.SF2CC3CA,2021.09,1963.882,,F,Dollars,6,Business Data Collection - BDC,Industry by financial variable (NZSIOC Level 2),Purchases and operating expenditure,Wood and Paper Products Manufacturing,Current prices,Unadjusted,
BDCQ.SF2CC4CA,2016.06,254.092,,F,Dollars,6,Business Data Collection - BDC,Industry by financial variable (NZSIOC Level 2),Purchases and operating expenditure,Printing,Current prices,Unadjusted,
BDCQ.SF2CC4CA,2016.09,246.931,,F,Dollars,6,Business Data Collection - BDC,Industry by financial variable (NZSIOC Level 2),Purchases and operating expenditure,Printing,Current prices,Unadjusted,
BDCQ.SF2CC4CA,2016.12,258.927,,F,Dollars,6,Business Data Collection - BDC,Industry by financial variable (NZSIOC Level 2),Purchases and operating expenditure,Printing,Current prices,Unadjusted,
BDCQ.SF2CC4CA,2017.03,218.668,,F,Dollars,6,Business Data Collection - BDC,Industry by financial variable (NZSIOC Level 2),Purchases and operating expenditure,Printing,Current prices,Unadjusted,
BDCQ.SF2CC4CA,2017.06,225.92,,F,Dollars,6,Business Data Collection - BDC,Industry by financial variable (NZSIOC Level 2),Purchases and operating expenditure,Printing,Current prices,Unadjusted,
BDCQ.SF2CC4CA,2017.09,235.919,,F,Dollars,6,Business Data Collection - BDC,Industry by financial variable (NZSIOC Level 2),Purchases and operating expenditure,Printing,Current prices,Unadjusted,
BDCQ.SF2CC4CA,2017.12,244.598,,F,Dollars,6,Business Data Collection - BDC,Industry by financial variable (NZSIOC Level 2),Purchases and operating expenditure,Printing,Current prices,Unadjusted,
BDCQ.SF2CC4CA,2018.03,239.293,,F,Dollars,6,Business Data Collection - BDC,Industry by financial variable (NZSIOC Level 2),Purchases and operating expenditure,Printing,Current prices,Unadjusted,
BDCQ.SF2CC4CA,2018.06,237.354,,F,Dollars,6,Business Data Collection - BDC,Industry by financial variable (NZSIOC Level 2),Purchases and operating expenditure,Printing,Current prices,Unadjusted,
BDCQ.SF2CC4CA,2018.09,243.025,,F,Dollars,6,Business Data Collection - BDC,Industry by financial variable (NZSIOC Level 2),Purchases and operating expenditure,Printing,Current prices,Unadjusted,
BDCQ.SF2CC4CA,2018.12,260.767,,F,Dollars,6,Business Data Collection - BDC,Industry by financial variable (NZSIOC Level 2),Purchases and operating expenditure,Printing,Current prices,Unadjusted,
BDCQ.SF2CC4CA,2019.03,239.873,,F,Dollars,6,Business Data Collection - BDC,Industry by financial variable (NZSIOC Level 2),Purchases and operating expenditure,Printing,Current prices,Unadjusted,
BDCQ.SF2CC4CA,2019.06,223.451,,F,Dollars,6,Business Data Collection - BDC,Industry by financial variable (NZSIOC Level 2),Purchases and operating expenditure,Printing,Current prices,Unadjusted,
BDCQ.SF2CC4CA,2019.09,231.062,,F,Dollars,6,Business Data Collection - BDC,Industry by financial variable (NZSIOC Level 2),Purchases and operating expenditure,Printing,Current prices,Unadjusted,
BDCQ.SF2CC4CA,2019.12,227.556,,F,Dollars,6,Business Data Collection - BDC,Industry by financial variable (NZSIOC Level 2),Purchases and operating expenditure,Printing,Current prices,Unadjusted,
BDCQ.SF2CC4CA,2020.03,204.501,,F,Dollars,6,Business Data Collection - BDC,Industry by financial variable (NZSIOC Level 2),Purchases and operating expenditure,Printing,Current prices,Unadjusted,
BDCQ.SF2CC4CA,2020.06,166.241,,F,Dollars,6,Business Data Collection - BDC,Industry by financial variable (NZSIOC Level 2),Purchases and operating expenditure,Printing,Current prices,Unadjusted,
BDCQ.SF2CC4CA,2020.09,196.593,,F,Dollars,6,Business Data Collection - BDC,Industry by financial variable (NZSIOC Level 2),Purchases and operating expenditure,Printing,Current prices,Unadjusted,
BDCQ.SF2CC4CA,2020.12,224.441,,F,Dollars,6,Business Data Collection - BDC,Industry by financial variable (NZSIOC Level 2),Purchases and operating expenditure,Printing,Current prices,Unadjusted,
BDCQ.SF2CC4CA,2021.03,201.303,,F,Dollars,6,Business Data Collection - BDC,Industry by financial variable (NZSIOC Level 2),Purchases and operating expenditure,Printing,Current prices,Unadjusted,
BDCQ.SF2CC4CA,2021.06,219.538,,F,Dollars,6,Business Data Collection - BDC,Industry by financial variable (NZSIOC Level 2),Purchases and operating expenditure,Printing,Current prices,Unadjusted,
BDCQ.SF2CC4CA,2021.09,218.449,,F,Dollars,6,Business Data Collection - BDC,Industry by financial variable (NZSIOC Level 2),Purchases and operating expenditure,Printing,Current prices,Unadjusted,
BDCQ.SF2CC5CA,2016.06,2792.002,,F,Dollars,6,Business Data Collection - BDC,Industry by financial variable (NZSIOC Level 2),Purchases and operating expenditure,"Petroleum, Chemical, Polymer and Rubber Product Manufacturing",Current prices,Unadjusted,
BDCQ.SF2CC5CA,2016.09,2949.43,,F,Dollars,6,Business Data Collection - BDC,Industry by financial variable (NZSIOC Level 2),Purchases and operating expenditure,"Petroleum, Chemical, Polymer and Rubber Product Manufacturing",Current prices,Unadjusted,
BDCQ.SF2CC5CA,2016.12,3330.022,,F,Dollars,6,Business Data Collection - BDC,Industry by financial variable (NZSIOC Level 2),Purchases and operating expenditure,"Petroleum, Chemical, Polymer and Rubber Product Manufacturing",Current prices,Unadjusted,
BDCQ.SF2CC5CA,2017.03,3288.163,,F,Dollars,6,Business Data Collection - BDC,Industry by financial variable (NZSIOC Level 2),Purchases and operating expenditure,"Petroleum, Chemical, Polymer and Rubber Product Manufacturing",Current prices,Unadjusted,
BDCQ.SF2CC5CA,2017.06,2997.221,,F,Dollars,6,Business Data Collection - BDC,Industry by financial variable (NZSIOC Level 2),Purchases and operating expenditure,"Petroleum, Chemical, Polymer and Rubber Product Manufacturing",Current prices,Unadjusted,
BDCQ.SF2CC5CA,2017.09,3301.549,,F,Dollars,6,Business Data Collection - BDC,Industry by financial variable (NZSIOC Level 2),Purchases and operating expenditure,"Petroleum, Chemical, Polymer and Rubber Product Manufacturing",Current prices,Unadjusted,
BDCQ.SF2CC5CA,2017.12,3812.037,,F,Dollars,6,Business Data Collection - BDC,Industry by financial variable (NZSIOC Level 2),Purchases and operating expenditure,"Petroleum, Chemical, Polymer and Rubber Product Manufacturing",Current prices,Unadjusted,
BDCQ.SF2CC5CA,2018.03,3545.566,,F,Dollars,6,Business Data Collection - BDC,Industry by financial variable (NZSIOC Level 2),Purchases and operating expenditure,"Petroleum, Chemical, Polymer and Rubber Product Manufacturing",Current prices,Unadjusted,
BDCQ.SF2CC5CA,2018.06,3714.747,,F,Dollars,6,Business Data Collection - BDC,Industry by financial variable (NZSIOC Level 2),Purchases and operating expenditure,"Petroleum, Chemical, Polymer and Rubber Product Manufacturing",Current prices,Unadjusted,
BDCQ.SF2CC5CA,2018.09,3996.547,,F,Dollars,6,Business Data Collection - BDC,Industry by financial variable (NZSIOC Level 2),Purchases and operating expenditure,"Petroleum, Chemical, Polymer and Rubber Product Manufacturing",Current prices,Unadjusted,
BDCQ.SF2CC5CA,2018.12,3868.715,,F,Dollars,6,Business Data Collection - BDC,Industry by financial variable (NZSIOC Level 2),Purchases and operating expenditure,"Petroleum, Chemical, Polymer and Rubber Product Manufacturing",Current prices,Unadjusted,
BDCQ.SF2CC5CA,2019.03,3728.996,,F,Dollars,6,Business Data Collection - BDC,Industry by financial variable (NZSIOC Level 2),Purchases and operating expenditure,"Petroleum, Chemical, Polymer and Rubber Product Manufacturing",Current prices,Unadjusted,
BDCQ.SF2CC5CA,2019.06,3438.477,,F,Dollars,6,Business Data Collection - BDC,Industry by financial variable (NZSIOC Level 2),Purchases and operating expenditure,"Petroleum, Chemical, Polymer and Rubber Product Manufacturing",Current prices,Unadjusted,
BDCQ.SF2CC5CA,2019.09,3529.338,,F,Dollars,6,Business Data Collection - BDC,Industry by financial variable (NZSIOC Level 2),Purchases and operating expenditure,"Petroleum, Chemical, Polymer and Rubber Product Manufacturing",Current prices,Unadjusted,
BDCQ.SF2CC5CA,2019.12,4018.56,,F,Dollars,6,Business Data Collection - BDC,Industry by financial variable (NZSIOC Level 2),Purchases and operating expenditure,"Petroleum, Chemical, Polymer and Rubber Product Manufacturing",Current prices,Unadjusted,
BDCQ.SF2CC5CA,2020.03,3485.124,,F,Dollars,6,Business Data Collection - BDC,Industry by financial variable (NZSIOC Level 2),Purchases and operating expenditure,"Petroleum, Chemical, Polymer and Rubber Product Manufacturing",Current prices,Unadjusted,
BDCQ.SF2CC5CA,2020.06,2437.33,,F,Dollars,6,Business Data Collection - BDC,Industry by financial variable (NZSIOC Level 2),Purchases and operating expenditure,"Petroleum, Chemical, Polymer and Rubber Product Manufacturing",Current prices,Unadjusted,
BDCQ.SF2CC5CA,2020.09,2904.994,,F,Dollars,6,Business Data Collection - BDC,Industry by financial variable (NZSIOC Level 2),Purchases and operating expenditure,"Petroleum, Chemical, Polymer and Rubber Product Manufacturing",Current prices,Unadjusted,
BDCQ.SF2CC5CA,2020.12,3335.108,,F,Dollars,6,Business Data Collection - BDC,Industry by financial variable (NZSIOC Level 2),Purchases and operating expenditure,"Petroleum, Chemical, Polymer and Rubber Product Manufacturing",Current prices,Unadjusted,
BDCQ.SF2CC5CA,2021.03,3141.74,,F,Dollars,6,Business Data Collection - BDC,Industry by financial variable (NZSIOC Level 2),Purchases and operating expenditure,"Petroleum, Chemical, Polymer and Rubber Product Manufacturing",Current prices,Unadjusted,
BDCQ.SF2CC5CA,2021.06,3250.469,,F,Dollars,6,Business Data Collection - BDC,Industry by financial variable (NZSIOC Level 2),Purchases and operating expenditure,"Petroleum, Chemical, Polymer and Rubber Product Manufacturing",Current prices,Unadjusted,
BDCQ.SF2CC5CA,2021.09,3591.166,,F,Dollars,6,Business Data Collection - BDC,Industry by financial variable (NZSIOC Level 2),Purchases and operating expenditure,"Petroleum, Chemical, Polymer and Rubber Product Manufacturing",Current prices,Unadjusted,
BDCQ.SF2CC6CA,2016.06,597.712,,F,Dollars,6,Business Data Collection - BDC,Industry by financial variable (NZSIOC Level 2),Purchases and operating expenditure,Non-Metallic Mineral Product Manufacturing,Current prices,Unadjusted,
BDCQ.SF2CC6CA,2016.09,615.247,,F,Dollars,6,Business Data Collection - BDC,Industry by financial variable (NZSIOC Level 2),Purchases and operating expenditure,Non-Metallic Mineral Product Manufacturing,Current prices,Unadjusted,
BDCQ.SF2CC6CA,2016.12,620.816,,F,Dollars,6,Business Data Collection - BDC,Industry by financial variable (NZSIOC Level 2),Purchases and operating expenditure,Non-Metallic Mineral Product Manufacturing,Current prices,Unadjusted,
BDCQ.SF2CC6CA,2017.03,557.75,,F,Dollars,6,Business Data Collection - BDC,Industry by financial variable (NZSIOC Level 2),Purchases and operating expenditure,Non-Metallic Mineral Product Manufacturing,Current prices,Unadjusted,
BDCQ.SF2CC6CA,2017.06,603.397,,F,Dollars,6,Business Data Collection - BDC,Industry by financial variable (NZSIOC Level 2),Purchases and operating expenditure,Non-Metallic Mineral Product Manufacturing,Current prices,Unadjusted,
BDCQ.SF2CC6CA,2017.09,625.553,,F,Dollars,6,Business Data Collection - BDC,Industry by financial variable (NZSIOC Level 2),Purchases and operating expenditure,Non-Metallic Mineral Product Manufacturing,Current prices,Unadjusted,
BDCQ.SF2CC6CA,2017.12,637.522,,F,Dollars,6,Business Data Collection - BDC,Industry by financial variable (NZSIOC Level 2),Purchases and operating expenditure,Non-Metallic Mineral Product Manufacturing,Current prices,Unadjusted,
BDCQ.SF2CC6CA,2018.03,537.556,,F,Dollars,6,Business Data Collection - BDC,Industry by financial variable (NZSIOC Level 2),Purchases and operating expenditure,Non-Metallic Mineral Product Manufacturing,Current prices,Unadjusted,
BDCQ.SF2CC6CA,2018.06,622.274,,F,Dollars,6,Business Data Collection - BDC,Industry by financial variable (NZSIOC Level 2),Purchases and operating expenditure,Non-Metallic Mineral Product Manufacturing,Current prices,Unadjusted,
BDCQ.SF2CC6CA,2018.09,677.11,,F,Dollars,6,Business Data Collection - BDC,Industry by financial variable (NZSIOC Level 2),Purchases and operating expenditure,Non-Metallic Mineral Product Manufacturing,Current prices,Unadjusted,
BDCQ.SF2CC6CA,2018.12,609.255,,F,Dollars,6,Business Data Collection - BDC,Industry by financial variable (NZSIOC Level 2),Purchases and operating expenditure,Non-Metallic Mineral Product Manufacturing,Current prices,Unadjusted,
BDCQ.SF2CC6CA,2019.03,606.303,,F,Dollars,6,Business Data Collection - BDC,Industry by financial variable (NZSIOC Level 2),Purchases and operating expenditure,Non-Metallic Mineral Product Manufacturing,Current prices,Unadjusted,
BDCQ.SF2CC6CA,2019.06,648.694,,F,Dollars,6,Business Data Collection - BDC,Industry by financial variable (NZSIOC Level 2),Purchases and operating expenditure,Non-Metallic Mineral Product Manufacturing,Current prices,Unadjusted,
BDCQ.SF2CC6CA,2019.09,654.481,,F,Dollars,6,Business Data Collection - BDC,Industry by financial variable (NZSIOC Level 2),Purchases and operating expenditure,Non-Metallic Mineral Product Manufacturing,Current prices,Unadjusted,
BDCQ.SF2CC6CA,2019.12,658.609,,F,Dollars,6,Business Data Collection - BDC,Industry by financial variable (NZSIOC Level 2),Purchases and operating expenditure,Non-Metallic Mineral Product Manufacturing,Current prices,Unadjusted,
BDCQ.SF2CC6CA,2020.03,600.789,,F,Dollars,6,Business Data Collection - BDC,Industry by financial variable (NZSIOC Level 2),Purchases and operating expenditure,Non-Metallic Mineral Product Manufacturing,Current prices,Unadjusted,
BDCQ.SF2CC6CA,2020.06,501.389,,F,Dollars,6,Business Data Collection - BDC,Industry by financial variable (NZSIOC Level 2),Purchases and operating expenditure,Non-Metallic Mineral Product Manufacturing,Current prices,Unadjusted,
BDCQ.SF2CC6CA,2020.09,694.439,,F,Dollars,6,Business Data Collection - BDC,Industry by financial variable (NZSIOC Level 2),Purchases and operating expenditure,Non-Metallic Mineral Product Manufacturing,Current prices,Unadjusted,
BDCQ.SF2CC6CA,2020.12,666.578,,F,Dollars,6,Business Data Collection - BDC,Industry by financial variable (NZSIOC Level 2),Purchases and operating expenditure,Non-Metallic Mineral Product Manufacturing,Current prices,Unadjusted,
BDCQ.SF2CC6CA,2021.03,641.188,,F,Dollars,6,Business Data Collection - BDC,Industry by financial variable (NZSIOC Level 2),Purchases and operating expenditure,Non-Metallic Mineral Product Manufacturing,Current prices,Unadjusted,
BDCQ.SF2CC6CA,2021.06,707.606,,F,Dollars,6,Business Data Collection - BDC,Industry by financial variable (NZSIOC Level 2),Purchases and operating expenditure,Non-Metallic Mineral Product Manufacturing,Current prices,Unadjusted,
BDCQ.SF2CC6CA,2021.09,661.238,,F,Dollars,6,Business Data Collection - BDC,Industry by financial variable (NZSIOC Level 2),Purchases and operating expenditure,Non-Metallic Mineral Product Manufacturing,Current prices,Unadjusted,
BDCQ.SF2CC7CA,2016.06,1702.128,,F,Dollars,6,Business Data Collection - BDC,Industry by financial variable (NZSIOC Level 2),Purchases and operating expenditure,Metal Product Manufacturing,Current prices,Unadjusted,
BDCQ.SF2CC7CA,2016.09,1784.602,,F,Dollars,6,Business Data Collection - BDC,Industry by financial variable (NZSIOC Level 2),Purchases and operating expenditure,Metal Product Manufacturing,Current prices,Unadjusted,
BDCQ.SF2CC7CA,2016.12,1766.335,,F,Dollars,6,Business Data Collection - BDC,Industry by financial variable (NZSIOC Level 2),Purchases and operating expenditure,Metal Product Manufacturing,Current prices,Unadjusted,
BDCQ.SF2CC7CA,2017.03,1768.032,,F,Dollars,6,Business Data Collection - BDC,Industry by financial variable (NZSIOC Level 2),Purchases and operating expenditure,Metal Product Manufacturing,Current prices,Unadjusted,
BDCQ.SF2CC7CA,2017.06,1936.265,,F,Dollars,6,Business Data Collection - BDC,Industry by financial variable (NZSIOC Level 2),Purchases and operating expenditure,Metal Product Manufacturing,Current prices,Unadjusted,
BDCQ.SF2CC7CA,2017.09,2038.021,,F,Dollars,6,Business Data Collection - BDC,Industry by financial variable (NZSIOC Level 2),Purchases and operating expenditure,Metal Product Manufacturing,Current prices,Unadjusted,
BDCQ.SF2CC7CA,2017.12,1987.54,,F,Dollars,6,Business Data Collection - BDC,Industry by financial variable (NZSIOC Level 2),Purchases and operating expenditure,Metal Product Manufacturing,Current prices,Unadjusted,
BDCQ.SF2CC7CA,2018.03,1816.268,,F,Dollars,6,Business Data Collection - BDC,Industry by financial variable (NZSIOC Level 2),Purchases and operating expenditure,Metal Product Manufacturing,Current prices,Unadjusted,
BDCQ.SF2CC7CA,2018.06,2080.705,,F,Dollars,6,Business Data Collection - BDC,Industry by financial variable (NZSIOC Level 2),Purchases and operating expenditure,Metal Product Manufacturing,Current prices,Unadjusted,
BDCQ.SF2CC7CA,2018.09,2145.688,,F,Dollars,6,Business Data Collection - BDC,Industry by financial variable (NZSIOC Level 2),Purchases and operating expenditure,Metal Product Manufacturing,Current prices,Unadjusted,
BDCQ.SF2CC7CA,2018.12,2085.692,,F,Dollars,6,Business Data Collection - BDC,Industry by financial variable (NZSIOC Level 2),Purchases and operating expenditure,Metal Product Manufacturing,Current prices,Unadjusted,
BDCQ.SF2CC7CA,2019.03,1958.298,,F,Dollars,6,Business Data Collection - BDC,Industry by financial variable (NZSIOC Level 2),Purchases and operating expenditure,Metal Product Manufacturing,Current prices,Unadjusted,
BDCQ.SF2CC7CA,2019.06,2048.732,,F,Dollars,6,Business Data Collection - BDC,Industry by financial variable (NZSIOC Level 2),Purchases and operating expenditure,Metal Product Manufacturing,Current prices,Unadjusted,
BDCQ.SF2CC7CA,2019.09,2216.678,,F,Dollars,6,Business Data Collection - BDC,Industry by financial variable (NZSIOC Level 2),Purchases and operating expenditure,Metal Product Manufacturing,Current prices,Unadjusted,
BDCQ.SF2CC7CA,2019.12,2150.435,,F,Dollars,6,Business Data Collection - BDC,Industry by financial variable (NZSIOC Level 2),Purchases and operating expenditure,Metal Product Manufacturing,Current prices,Unadjusted,
BDCQ.SF2CC7CA,2020.03,1897.007,,F,Dollars,6,Business Data Collection - BDC,Industry by financial variable (NZSIOC Level 2),Purchases and operating expenditure,Metal Product Manufacturing,Current prices,Unadjusted,
BDCQ.SF2CC7CA,2020.06,1647.704,,F,Dollars,6,Business Data Collection - BDC,Industry by financial variable (NZSIOC Level 2),Purchases and operating expenditure,Metal Product Manufacturing,Current prices,Unadjusted,
BDCQ.SF2CC7CA,2020.09,2117.053,,F,Dollars,6,Business Data Collection - BDC,Industry by financial variable (NZSIOC Level 2),Purchases and operating expenditure,Metal Product Manufacturing,Current prices,Unadjusted,
BDCQ.SF2CC7CA,2020.12,2120.102,,F,Dollars,6,Business Data Collection - BDC,Industry by financial variable (NZSIOC Level 2),Purchases and operating expenditure,Metal Product Manufacturing,Current prices,Unadjusted,
BDCQ.SF2CC7CA,2021.03,2044.379,,F,Dollars,6,Business Data Collection - BDC,Industry by financial variable (NZSIOC Level 2),Purchases and operating expenditure,Metal Product Manufacturing,Current prices,Unadjusted,
BDCQ.SF2CC7CA,2021.06,2412.654,,F,Dollars,6,Business Data Collection - BDC,Industry by financial variable (NZSIOC Level 2),Purchases and operating expenditure,Metal Product Manufacturing,Current prices,Unadjusted,
BDCQ.SF2CC7CA,2021.09,2306.766,,F,Dollars,6,Business Data Collection - BDC,Industry by financial variable (NZSIOC Level 2),Purchases and operating expenditure,Metal Product Manufacturing,Current prices,Unadjusted,
BDCQ.SF2CC8CA,2016.06,1787.061,,F,Dollars,6,Business Data Collection - BDC,Industry by financial variable (NZSIOC Level 2),Purchases and operating expenditure,"Transport Equipment, Machinery and Equipment Manufacturing",Current prices,Unadjusted,
BDCQ.SF2CC8CA,2016.09,1839.21,,F,Dollars,6,Business Data Collection - BDC,Industry by financial variable (NZSIOC Level 2),Purchases and operating expenditure,"Transport Equipment, Machinery and Equipment Manufacturing",Current prices,Unadjusted,
BDCQ.SF2CC8CA,2016.12,1849.275,,F,Dollars,6,Business Data Collection - BDC,Industry by financial variable (NZSIOC Level 2),Purchases and operating expenditure,"Transport Equipment, Machinery and Equipment Manufacturing",Current prices,Unadjusted,
BDCQ.SF2CC8CA,2017.03,1677.352,,F,Dollars,6,Business Data Collection - BDC,Industry by financial variable (NZSIOC Level 2),Purchases and operating expenditure,"Transport Equipment, Machinery and Equipment Manufacturing",Current prices,Unadjusted,
BDCQ.SF2CC8CA,2017.06,1948.902,,F,Dollars,6,Business Data Collection - BDC,Industry by financial variable (NZSIOC Level 2),Purchases and operating expenditure,"Transport Equipment, Machinery and Equipment Manufacturing",Current prices,Unadjusted,
BDCQ.SF2CC8CA,2017.09,1913.476,,F,Dollars,6,Business Data Collection - BDC,Industry by financial variable (NZSIOC Level 2),Purchases and operating expenditure,"Transport Equipment, Machinery and Equipment Manufacturing",Current prices,Unadjusted,
BDCQ.SF2CC8CA,2017.12,1852.28,,F,Dollars,6,Business Data Collection - BDC,Industry by financial variable (NZSIOC Level 2),Purchases and operating expenditure,"Transport Equipment, Machinery and Equipment Manufacturing",Current prices,Unadjusted,
BDCQ.SF2CC8CA,2018.03,1921.177,,F,Dollars,6,Business Data Collection - BDC,Industry by financial variable (NZSIOC Level 2),Purchases and operating expenditure,"Transport Equipment, Machinery and Equipment Manufacturing",Current prices,Unadjusted,
BDCQ.SF2CC8CA,2018.06,2091.218,,F,Dollars,6,Business Data Collection - BDC,Industry by financial variable (NZSIOC Level 2),Purchases and operating expenditure,"Transport Equipment, Machinery and Equipment Manufacturing",Current prices,Unadjusted,
BDCQ.SF2CC8CA,2018.09,2092.797,,F,Dollars,6,Business Data Collection - BDC,Industry by financial variable (NZSIOC Level 2),Purchases and operating expenditure,"Transport Equipment, Machinery and Equipment Manufacturing",Current prices,Unadjusted,
BDCQ.SF2CC8CA,2018.12,2062.36,,F,Dollars,6,Business Data Collection - BDC,Industry by financial variable (NZSIOC Level 2),Purchases and operating expenditure,"Transport Equipment, Machinery and Equipment Manufacturing",Current prices,Unadjusted,
BDCQ.SF2CC8CA,2019.03,1912.82,,F,Dollars,6,Business Data Collection - BDC,Industry by financial variable (NZSIOC Level 2),Purchases and operating expenditure,"Transport Equipment, Machinery and Equipment Manufacturing",Current prices,Unadjusted,
BDCQ.SF2CC8CA,2019.06,1999.069,,F,Dollars,6,Business Data Collection - BDC,Industry by financial variable (NZSIOC Level 2),Purchases and operating expenditure,"Transport Equipment, Machinery and Equipment Manufacturing",Current prices,Unadjusted,
BDCQ.SF2CC8CA,2019.09,2323.305,,F,Dollars,6,Business Data Collection - BDC,Industry by financial variable (NZSIOC Level 2),Purchases and operating expenditure,"Transport Equipment, Machinery and Equipment Manufacturing",Current prices,Unadjusted,
BDCQ.SF2CC8CA,2019.12,2210.718,,F,Dollars,6,Business Data Collection - BDC,Industry by financial variable (NZSIOC Level 2),Purchases and operating expenditure,"Transport Equipment, Machinery and Equipment Manufacturing",Current prices,Unadjusted,
BDCQ.SF2CC8CA,2020.03,1877.293,,F,Dollars,6,Business Data Collection - BDC,Industry by financial variable (NZSIOC Level 2),Purchases and operating expenditure,"Transport Equipment, Machinery and Equipment Manufacturing",Current prices,Unadjusted,
BDCQ.SF2CC8CA,2020.06,1673.858,,F,Dollars,6,Business Data Collection - BDC,Industry by financial variable (NZSIOC Level 2),Purchases and operating expenditure,"Transport Equipment, Machinery and Equipment Manufacturing",Current prices,Unadjusted,
BDCQ.SF2CC8CA,2020.09,2064.17,,F,Dollars,6,Business Data Collection - BDC,Industry by financial variable (NZSIOC Level 2),Purchases and operating expenditure,"Transport Equipment, Machinery and Equipment Manufacturing",Current prices,Unadjusted,
BDCQ.SF2CC8CA,2020.12,1972.962,,F,Dollars,6,Business Data Collection - BDC,Industry by financial variable (NZSIOC Level 2),Purchases and operating expenditure,"Transport Equipment, Machinery and Equipment Manufacturing",Current prices,Unadjusted,
BDCQ.SF2CC8CA,2021.03,1964.984,,F,Dollars,6,Business Data Collection - BDC,Industry by financial variable (NZSIOC Level 2),Purchases and operating expenditure,"Transport Equipment, Machinery and Equipment Manufacturing",Current prices,Unadjusted,
BDCQ.SF2CC8CA,2021.06,2221.949,,F,Dollars,6,Business Data Collection - BDC,Industry by financial variable (NZSIOC Level 2),Purchases and operating expenditure,"Transport Equipment, Machinery and Equipment Manufacturing",Current prices,Unadjusted,
BDCQ.SF2CC8CA,2021.09,2255.924,,F,Dollars,6,Business Data Collection - BDC,Industry by financial variable (NZSIOC Level 2),Purchases and operating expenditure,"Transport Equipment, Machinery and Equipment Manufacturing",Current prices,Unadjusted,
BDCQ.SF2CC9CA,2016.06,321.875,,F,Dollars,6,Business Data Collection - BDC,Industry by financial variable (NZSIOC Level 2),Purchases and operating expenditure,Furniture and Other Manufacturing,Current prices,Unadjusted,
BDCQ.SF2CC9CA,2016.09,330.216,,F,Dollars,6,Business Data Collection - BDC,Industry by financial variable (NZSIOC Level 2),Purchases and operating expenditure,Furniture and Other Manufacturing,Current prices,Unadjusted,
BDCQ.SF2CC9CA,2016.12,345.896,,F,Dollars,6,Business Data Collection - BDC,Industry by financial variable (NZSIOC Level 2),Purchases and operating expenditure,Furniture and Other Manufacturing,Current prices,Unadjusted,
BDCQ.SF2CC9CA,2017.03,314.921,,F,Dollars,6,Business Data Collection - BDC,Industry by financial variable (NZSIOC Level 2),Purchases and operating expenditure,Furniture and Other Manufacturing,Current prices,Unadjusted,
BDCQ.SF2CC9CA,2017.06,310.766,,F,Dollars,6,Business Data Collection - BDC,Industry by financial variable (NZSIOC Level 2),Purchases and operating expenditure,Furniture and Other Manufacturing,Current prices,Unadjusted,
BDCQ.SF2CC9CA,2017.09,316.348,,F,Dollars,6,Business Data Collection - BDC,Industry by financial variable (NZSIOC Level 2),Purchases and operating expenditure,Furniture and Other Manufacturing,Current prices,Unadjusted,
BDCQ.SF2CC9CA,2017.12,342.618,,F,Dollars,6,Business Data Collection - BDC,Industry by financial variable (NZSIOC Level 2),Purchases and operating expenditure,Furniture and Other Manufacturing,Current prices,Unadjusted,
BDCQ.SF2CC9CA,2018.03,295.911,,F,Dollars,6,Business Data Collection - BDC,Industry by financial variable (NZSIOC Level 2),Purchases and operating expenditure,Furniture and Other Manufacturing,Current prices,Unadjusted,
BDCQ.SF2CC9CA,2018.06,307.811,,F,Dollars,6,Business Data Collection - BDC,Industry by financial variable (NZSIOC Level 2),Purchases and operating expenditure,Furniture and Other Manufacturing,Current prices,Unadjusted,
BDCQ.SF2CC9CA,2018.09,325.249,,F,Dollars,6,Business Data Collection - BDC,Industry by financial variable (NZSIOC Level 2),Purchases and operating expenditure,Furniture and Other Manufacturing,Current prices,Unadjusted,
BDCQ.SF2CC9CA,2018.12,370.314,,F,Dollars,6,Business Data Collection - BDC,Industry by financial variable (NZSIOC Level 2),Purchases and operating expenditure,Furniture and Other Manufacturing,Current prices,Unadjusted,
BDCQ.SF2CC9CA,2019.03,309.984,,F,Dollars,6,Business Data Collection - BDC,Industry by financial variable (NZSIOC Level 2),Purchases and operating expenditure,Furniture and Other Manufacturing,Current prices,Unadjusted,
BDCQ.SF2CC9CA,2019.06,313.949,,F,Dollars,6,Business Data Collection - BDC,Industry by financial variable (NZSIOC Level 2),Purchases and operating expenditure,Furniture and Other Manufacturing,Current prices,Unadjusted,
BDCQ.SF2CC9CA,2019.09,374.852,,F,Dollars,6,Business Data Collection - BDC,Industry by financial variable (NZSIOC Level 2),Purchases and operating expenditure,Furniture and Other Manufacturing,Current prices,Unadjusted,
BDCQ.SF2CC9CA,2019.12,366.746,,F,Dollars,6,Business Data Collection - BDC,Industry by financial variable (NZSIOC Level 2),Purchases and operating expenditure,Furniture and Other Manufacturing,Current prices,Unadjusted,
BDCQ.SF2CC9CA,2020.03,335.003,,F,Dollars,6,Business Data Collection - BDC,Industry by financial variable (NZSIOC Level 2),Purchases and operating expenditure,Furniture and Other Manufacturing,Current prices,Unadjusted,
BDCQ.SF2CC9CA,2020.06,291.409,,F,Dollars,6,Business Data Collection - BDC,Industry by financial variable (NZSIOC Level 2),Purchases and operating expenditure,Furniture and Other Manufacturing,Current prices,Unadjusted,
BDCQ.SF2CC9CA,2020.09,411.148,,F,Dollars,6,Business Data Collection - BDC,Industry by financial variable (NZSIOC Level 2),Purchases and operating expenditure,Furniture and Other Manufacturing,Current prices,Unadjusted,
BDCQ.SF2CC9CA,2020.12,399.877,,F,Dollars,6,Business Data Collection - BDC,Industry by financial variable (NZSIOC Level 2),Purchases and operating expenditure,Furniture and Other Manufacturing,Current prices,Unadjusted,
BDCQ.SF2CC9CA,2021.03,357.997,,F,Dollars,6,Business Data Collection - BDC,Industry by financial variable (NZSIOC Level 2),Purchases and operating expenditure,Furniture and Other Manufacturing,Current prices,Unadjusted,
BDCQ.SF2CC9CA,2021.06,377.323,,F,Dollars,6,Business Data Collection - BDC,Industry by financial variable (NZSIOC Level 2),Purchases and operating expenditure,Furniture and Other Manufacturing,Current prices,Unadjusted,
BDCQ.SF2CC9CA,2021.09,430.886,,F,Dollars,6,Business Data Collection - BDC,Industry by financial variable (NZSIOC Level 2),Purchases and operating expenditure,Furniture and Other Manufacturing,Current prices,Unadjusted,
BDCQ.SF2CCCA,2016.06,18168.9,,F,Dollars,6,Business Data Collection - BDC,Industry by financial variable (NZSIOC Level 1),Purchases and operating expenditure,Manufacturing,Current,Unadjusted,
BDCQ.SF2CCCA,2016.09,16620.767,,F,Dollars,6,Business Data Collection - BDC,Industry by financial variable (NZSIOC Level 1),Purchases and operating expenditure,Manufacturing,Current,Unadjusted,
BDCQ.SF2CCCA,2016.12,19864.035,,F,Dollars,6,Business Data Collection - BDC,Industry by financial variable (NZSIOC Level 1),Purchases and operating expenditure,Manufacturing,Current,Unadjusted,
BDCQ.SF2CCCA,2017.03,19427.368,,F,Dollars,6,Business Data Collection - BDC,Industry by financial variable (NZSIOC Level 1),Purchases and operating expenditure,Manufacturing,Current,Unadjusted,
BDCQ.SF2CCCA,2017.06,19744.152,,F,Dollars,6,Business Data Collection - BDC,Industry by financial variable (NZSIOC Level 1),Purchases and operating expenditure,Manufacturing,Current,Unadjusted,
BDCQ.SF2CCCA,2017.09,18746.894,,F,Dollars,6,Business Data Collection - BDC,Industry by financial variable (NZSIOC Level 1),Purchases and operating expenditure,Manufacturing,Current,Unadjusted,
BDCQ.SF2CCCA,2017.12,21608.926,,F,Dollars,6,Business Data Collection - BDC,Industry by financial variable (NZSIOC Level 1),Purchases and operating expenditure,Manufacturing,Current,Unadjusted,
BDCQ.SF2CCCA,2018.03,20797.806,,F,Dollars,6,Business Data Collection - BDC,Industry by financial variable (NZSIOC Level 1),Purchases and operating expenditure,Manufacturing,Current,Unadjusted,
BDCQ.SF2CCCA,2018.06,21904.91,,F,Dollars,6,Business Data Collection - BDC,Industry by financial variable (NZSIOC Level 1),Purchases and operating expenditure,Manufacturing,Current,Unadjusted,
BDCQ.SF2CCCA,2018.09,20204.937,,F,Dollars,6,Business Data Collection - BDC,Industry by financial variable (NZSIOC Level 1),Purchases and operating expenditure,Manufacturing,Current,Unadjusted,
BDCQ.SF2CCCA,2018.12,22617.797,,F,Dollars,6,Business Data Collection - BDC,Industry by financial variable (NZSIOC Level 1),Purchases and operating expenditure,Manufacturing,Current,Unadjusted,
BDCQ.SF2CCCA,2019.03,21960.456,,F,Dollars,6,Business Data Collection - BDC,Industry by financial variable (NZSIOC Level 1),Purchases and operating expenditure,Manufacturing,Current,Unadjusted,
BDCQ.SF2CCCA,2019.06,21629.177,,F,Dollars,6,Business Data Collection - BDC,Industry by financial variable (NZSIOC Level 1),Purchases and operating expenditure,Manufacturing,Current,Unadjusted,
BDCQ.SF2CCCA,2019.09,20517.79,,F,Dollars,6,Business Data Collection - BDC,Industry by financial variable (NZSIOC Level 1),Purchases and operating expenditure,Manufacturing,Current,Unadjusted,
BDCQ.SF2CCCA,2019.12,24250.813,,F,Dollars,6,Business Data Collection - BDC,Industry by financial variable (NZSIOC Level 1),Purchases and operating expenditure,Manufacturing,Current,Unadjusted,
BDCQ.SF2CCCA,2020.03,21762.708,,F,Dollars,6,Business Data Collection - BDC,Industry by financial variable (NZSIOC Level 1),Purchases and operating expenditure,Manufacturing,Current,Unadjusted,
BDCQ.SF2CCCA,2020.06,19119.23,,F,Dollars,6,Business Data Collection - BDC,Industry by financial variable (NZSIOC Level 1),Purchases and operating expenditure,Manufacturing,Current,Unadjusted,
BDCQ.SF2CCCA,2020.09,19709.146,,F,Dollars,6,Business Data Collection - BDC,Industry by financial variable (NZSIOC Level 1),Purchases and operating expenditure,Manufacturing,Current,Unadjusted,
BDCQ.SF2CCCA,2020.12,22674.298,,F,Dollars,6,Business Data Collection - BDC,Industry by financial variable (NZSIOC Level 1),Purchases and operating expenditure,Manufacturing,Current,Unadjusted,
BDCQ.SF2CCCA,2021.03,22172.357,,F,Dollars,6,Business Data Collection - BDC,Industry by financial variable (NZSIOC Level 1),Purchases and operating expenditure,Manufacturing,Current,Unadjusted,
BDCQ.SF2CCCA,2021.06,23331.688,,F,Dollars,6,Business Data Collection - BDC,Industry by financial variable (NZSIOC Level 1),Purchases and operating expenditure,Manufacturing,Current,Unadjusted,
BDCQ.SF2CCCA,2021.09,21818.449,,F,Dollars,6,Business Data Collection - BDC,Industry by financial variable (NZSIOC Level 1),Purchases and operating expenditure,Manufacturing,Current,Unadjusted,
BDCQ.SF2DD1CA,2016.06,2676.479,,F,Dollars,6,Business Data Collection - BDC,Industry by financial variable (NZSIOC Level 2),Purchases and operating expenditure,"Electricity, Gas, Water and Waste Services",Current prices,Unadjusted,
BDCQ.SF2DD1CA,2016.09,2750.757,,F,Dollars,6,Business Data Collection - BDC,Industry by financial variable (NZSIOC Level 2),Purchases and operating expenditure,"Electricity, Gas, Water and Waste Services",Current prices,Unadjusted,
BDCQ.SF2DD1CA,2016.12,2506.292,,F,Dollars,6,Business Data Collection - BDC,Industry by financial variable (NZSIOC Level 2),Purchases and operating expenditure,"Electricity, Gas, Water and Waste Services",Current prices,Unadjusted,
BDCQ.SF2DD1CA,2017.03,2466.965,,F,Dollars,6,Business Data Collection - BDC,Industry by financial variable (NZSIOC Level 2),Purchases and operating expenditure,"Electricity, Gas, Water and Waste Services",Current prices,Unadjusted,
BDCQ.SF2DD1CA,2017.06,2838.707,,F,Dollars,6,Business Data Collection - BDC,Industry by financial variable (NZSIOC Level 2),Purchases and operating expenditure,"Electricity, Gas, Water and Waste Services",Current prices,Unadjusted,
BDCQ.SF2DD1CA,2017.09,3408.155,,F,Dollars,6,Business Data Collection - BDC,Industry by financial variable (NZSIOC Level 2),Purchases and operating expenditure,"Electricity, Gas, Water and Waste Services",Current prices,Unadjusted,
BDCQ.SF2DD1CA,2017.12,2966.56,,F,Dollars,6,Business Data Collection - BDC,Industry by financial variable (NZSIOC Level 2),Purchases and operating expenditure,"Electricity, Gas, Water and Waste Services",Current prices,Unadjusted,
BDCQ.SF2DD1CA,2018.03,3034.722,,F,Dollars,6,Business Data Collection - BDC,Industry by financial variable (NZSIOC Level 2),Purchases and operating expenditure,"Electricity, Gas, Water and Waste Services",Current prices,Unadjusted,
BDCQ.SF2DD1CA,2018.06,2907.52,,F,Dollars,6,Business Data Collection - BDC,Industry by financial variable (NZSIOC Level 2),Purchases and operating expenditure,"Electricity, Gas, Water and Waste Services",Current prices,Unadjusted,
BDCQ.SF2DD1CA,2018.09,3230.69,,F,Dollars,6,Business Data Collection - BDC,Industry by financial variable (NZSIOC Level 2),Purchases and operating expenditure,"Electricity, Gas, Water and Waste Services",Current prices,Unadjusted,
BDCQ.SF2DD1CA,2018.12,3732.455,,F,Dollars,6,Business Data Collection - BDC,Industry by financial variable (NZSIOC Level 2),Purchases and operating expenditure,"Electricity, Gas, Water and Waste Services",Current prices,Unadjusted,
BDCQ.SF2DD1CA,2019.03,3253.93,,F,Dollars,6,Business Data Collection - BDC,Industry by financial variable (NZSIOC Level 2),Purchases and operating expenditure,"Electricity, Gas, Water and Waste Services",Current prices,Unadjusted,
BDCQ.SF2DD1CA,2019.06,3478.543,,F,Dollars,6,Business Data Collection - BDC,Industry by financial variable (NZSIOC Level 2),Purchases and operating expenditure,"Electricity, Gas, Water and Waste Services",Current prices,Unadjusted,
BDCQ.SF2DD1CA,2019.09,3560.262,,F,Dollars,6,Business Data Collection - BDC,Industry by financial variable (NZSIOC Level 2),Purchases and operating expenditure,"Electricity, Gas, Water and Waste Services",Current prices,Unadjusted,
BDCQ.SF2DD1CA,2019.12,3272.934,,F,Dollars,6,Business Data Collection - BDC,Industry by financial variable (NZSIOC Level 2),Purchases and operating expenditure,"Electricity, Gas, Water and Waste Services",Current prices,Unadjusted,
BDCQ.SF2DD1CA,2020.03,3041.688,,F,Dollars,6,Business Data Collection - BDC,Industry by financial variable (NZSIOC Level 2),Purchases and operating expenditure,"Electricity, Gas, Water and Waste Services",Current prices,Unadjusted,
BDCQ.SF2DD1CA,2020.06,3342.246,,F,Dollars,6,Business Data Collection - BDC,Industry by financial variable (NZSIOC Level 2),Purchases and operating expenditure,"Electricity, Gas, Water and Waste Services",Current prices,Unadjusted,
BDCQ.SF2DD1CA,2020.09,3816.92,,F,Dollars,6,Business Data Collection - BDC,Industry by financial variable (NZSIOC Level 2),Purchases and operating expenditure,"Electricity, Gas, Water and Waste Services",Current prices,Unadjusted,
BDCQ.SF2DD1CA,2020.12,3401.558,,F,Dollars,6,Business Data Collection - BDC,Industry by financial variable (NZSIOC Level 2),Purchases and operating expenditure,"Electricity, Gas, Water and Waste Services",Current prices,Unadjusted,
BDCQ.SF2DD1CA,2021.03,3563.873,,F,Dollars,6,Business Data Collection - BDC,Industry by financial variable (NZSIOC Level 2),Purchases and operating expenditure,"Electricity, Gas, Water and Waste Services",Current prices,Unadjusted,
BDCQ.SF2DD1CA,2021.06,4788.018,,F,Dollars,6,Business Data Collection - BDC,Industry by financial variable (NZSIOC Level 2),Purchases and operating expenditure,"Electricity, Gas, Water and Waste Services",Current prices,Unadjusted,
BDCQ.SF2DD1CA,2021.09,4310.498,,F,Dollars,6,Business Data Collection - BDC,Industry by financial variable (NZSIOC Level 2),Purchases and operating expenditure,"Electricity, Gas, Water and Waste Services",Current prices,Unadjusted,
BDCQ.SF2DDCA,2016.06,2676.479,,F,Dollars,6,Business Data Collection - BDC,Industry by financial variable (NZSIOC Level 1),Purchases and operating expenditure,"Electricity, Gas, Water and Waste Services",Current,Unadjusted,
BDCQ.SF2DDCA,2016.09,2750.757,,F,Dollars,6,Business Data Collection - BDC,Industry by financial variable (NZSIOC Level 1),Purchases and operating expenditure,"Electricity, Gas, Water and Waste Services",Current,Unadjusted,
BDCQ.SF2DDCA,2016.12,2506.292,,F,Dollars,6,Business Data Collection - BDC,Industry by financial variable (NZSIOC Level 1),Purchases and operating expenditure,"Electricity, Gas, Water and Waste Services",Current,Unadjusted,
BDCQ.SF2DDCA,2017.03,2466.965,,F,Dollars,6,Business Data Collection - BDC,Industry by financial variable (NZSIOC Level 1),Purchases and operating expenditure,"Electricity, Gas, Water and Waste Services",Current,Unadjusted,
BDCQ.SF2DDCA,2017.06,2838.707,,F,Dollars,6,Business Data Collection - BDC,Industry by financial variable (NZSIOC Level 1),Purchases and operating expenditure,"Electricity, Gas, Water and Waste Services",Current,Unadjusted,
BDCQ.SF2DDCA,2017.09,3408.155,,F,Dollars,6,Business Data Collection - BDC,Industry by financial variable (NZSIOC Level 1),Purchases and operating expenditure,"Electricity, Gas, Water and Waste Services",Current,Unadjusted,
BDCQ.SF2DDCA,2017.12,2966.56,,F,Dollars,6,Business Data Collection - BDC,Industry by financial variable (NZSIOC Level 1),Purchases and operating expenditure,"Electricity, Gas, Water and Waste Services",Current,Unadjusted,
BDCQ.SF2DDCA,2018.03,3034.722,,F,Dollars,6,Business Data Collection - BDC,Industry by financial variable (NZSIOC Level 1),Purchases and operating expenditure,"Electricity, Gas, Water and Waste Services",Current,Unadjusted,
BDCQ.SF2DDCA,2018.06,2907.52,,F,Dollars,6,Business Data Collection - BDC,Industry by financial variable (NZSIOC Level 1),Purchases and operating expenditure,"Electricity, Gas, Water and Waste Services",Current,Unadjusted,
BDCQ.SF2DDCA,2018.09,3230.69,,F,Dollars,6,Business Data Collection - BDC,Industry by financial variable (NZSIOC Level 1),Purchases and operating expenditure,"Electricity, Gas, Water and Waste Services",Current,Unadjusted,
BDCQ.SF2DDCA,2018.12,3732.455,,F,Dollars,6,Business Data Collection - BDC,Industry by financial variable (NZSIOC Level 1),Purchases and operating expenditure,"Electricity, Gas, Water and Waste Services",Current,Unadjusted,
BDCQ.SF2DDCA,2019.03,3253.93,,F,Dollars,6,Business Data Collection - BDC,Industry by financial variable (NZSIOC Level 1),Purchases and operating expenditure,"Electricity, Gas, Water and Waste Services",Current,Unadjusted,
BDCQ.SF2DDCA,2019.06,3478.543,,F,Dollars,6,Business Data Collection - BDC,Industry by financial variable (NZSIOC Level 1),Purchases and operating expenditure,"Electricity, Gas, Water and Waste Services",Current,Unadjusted,
BDCQ.SF2DDCA,2019.09,3560.262,,F,Dollars,6,Business Data Collection - BDC,Industry by financial variable (NZSIOC Level 1),Purchases and operating expenditure,"Electricity, Gas, Water and Waste Services",Current,Unadjusted,
BDCQ.SF2DDCA,2019.12,3272.934,,F,Dollars,6,Business Data Collection - BDC,Industry by financial variable (NZSIOC Level 1),Purchases and operating expenditure,"Electricity, Gas, Water and Waste Services",Current,Unadjusted,
BDCQ.SF2DDCA,2020.03,3041.688,,F,Dollars,6,Business Data Collection - BDC,Industry by financial variable (NZSIOC Level 1),Purchases and operating expenditure,"Electricity, Gas, Water and Waste Services",Current,Unadjusted,
BDCQ.SF2DDCA,2020.06,3342.246,,F,Dollars,6,Business Data Collection - BDC,Industry by financial variable (NZSIOC Level 1),Purchases and operating expenditure,"Electricity, Gas, Water and Waste Services",Current,Unadjusted,
BDCQ.SF2DDCA,2020.09,3816.92,,F,Dollars,6,Business Data Collection - BDC,Industry by financial variable (NZSIOC Level 1),Purchases and operating expenditure,"Electricity, Gas, Water and Waste Services",Current,Unadjusted,
BDCQ.SF2DDCA,2020.12,3401.558,,F,Dollars,6,Business Data Collection - BDC,Industry by financial variable (NZSIOC Level 1),Purchases and operating expenditure,"Electricity, Gas, Water and Waste Services",Current,Unadjusted,
BDCQ.SF2DDCA,2021.03,3563.873,,F,Dollars,6,Business Data Collection - BDC,Industry by financial variable (NZSIOC Level 1),Purchases and operating expenditure,"Electricity, Gas, Water and Waste Services",Current,Unadjusted,
BDCQ.SF2DDCA,2021.06,4788.018,,F,Dollars,6,Business Data Collection - BDC,Industry by financial variable (NZSIOC Level 1),Purchases and operating expenditure,"Electricity, Gas, Water and Waste Services",Current,Unadjusted,
BDCQ.SF2DDCA,2021.09,4310.498,,F,Dollars,6,Business Data Collection - BDC,Industry by financial variable (NZSIOC Level 1),Purchases and operating expenditure,"Electricity, Gas, Water and Waste Services",Current,Unadjusted,
BDCQ.SF2EE1CA,2016.06,9403.937,,F,Dollars,6,Business Data Collection - BDC,Industry by financial variable (NZSIOC Level 2),Purchases and operating expenditure,Construction,Current prices,Unadjusted,
BDCQ.SF2EE1CA,2016.09,9709.858,,F,Dollars,6,Business Data Collection - BDC,Industry by financial variable (NZSIOC Level 2),Purchases and operating expenditure,Construction,Current prices,Unadjusted,
BDCQ.SF2EE1CA,2016.12,9863.187,,F,Dollars,6,Business Data Collection - BDC,Industry by financial variable (NZSIOC Level 2),Purchases and operating expenditure,Construction,Current prices,Unadjusted,
BDCQ.SF2EE1CA,2017.03,9537.984,,F,Dollars,6,Business Data Collection - BDC,Industry by financial variable (NZSIOC Level 2),Purchases and operating expenditure,Construction,Current prices,Unadjusted,
BDCQ.SF2EE1CA,2017.06,10737.198,,F,Dollars,6,Business Data Collection - BDC,Industry by financial variable (NZSIOC Level 2),Purchases and operating expenditure,Construction,Current prices,Unadjusted,
BDCQ.SF2EE1CA,2017.09,10720.522,,F,Dollars,6,Business Data Collection - BDC,Industry by financial variable (NZSIOC Level 2),Purchases and operating expenditure,Construction,Current prices,Unadjusted,
BDCQ.SF2EE1CA,2017.12,11186.48,,F,Dollars,6,Business Data Collection - BDC,Industry by financial variable (NZSIOC Level 2),Purchases and operating expenditure,Construction,Current prices,Unadjusted,
BDCQ.SF2EE1CA,2018.03,9979.557,,F,Dollars,6,Business Data Collection - BDC,Industry by financial variable (NZSIOC Level 2),Purchases and operating expenditure,Construction,Current prices,Unadjusted,
BDCQ.SF2EE1CA,2018.06,11672.458,,F,Dollars,6,Business Data Collection - BDC,Industry by financial variable (NZSIOC Level 2),Purchases and operating expenditure,Construction,Current prices,Unadjusted,
BDCQ.SF2EE1CA,2018.09,11767.941,,F,Dollars,6,Business Data Collection - BDC,Industry by financial variable (NZSIOC Level 2),Purchases and operating expenditure,Construction,Current prices,Unadjusted,
BDCQ.SF2EE1CA,2018.12,11985.982,,F,Dollars,6,Business Data Collection - BDC,Industry by financial variable (NZSIOC Level 2),Purchases and operating expenditure,Construction,Current prices,Unadjusted,
BDCQ.SF2EE1CA,2019.03,11111.972,,F,Dollars,6,Business Data Collection - BDC,Industry by financial variable (NZSIOC Level 2),Purchases and operating expenditure,Construction,Current prices,Unadjusted,
BDCQ.SF2EE1CA,2019.06,12246.463,,F,Dollars,6,Business Data Collection - BDC,Industry by financial variable (NZSIOC Level 2),Purchases and operating expenditure,Construction,Current prices,Unadjusted,
BDCQ.SF2EE1CA,2019.09,12705.294,,F,Dollars,6,Business Data Collection - BDC,Industry by financial variable (NZSIOC Level 2),Purchases and operating expenditure,Construction,Current prices,Unadjusted,
BDCQ.SF2EE1CA,2019.12,12922.987,,F,Dollars,6,Business Data Collection - BDC,Industry by financial variable (NZSIOC Level 2),Purchases and operating expenditure,Construction,Current prices,Unadjusted,
BDCQ.SF2EE1CA,2020.03,11946.067,,F,Dollars,6,Business Data Collection - BDC,Industry by financial variable (NZSIOC Level 2),Purchases and operating expenditure,Construction,Current prices,Unadjusted,
BDCQ.SF2EE1CA,2020.06,9821.176,,F,Dollars,6,Business Data Collection - BDC,Industry by financial variable (NZSIOC Level 2),Purchases and operating expenditure,Construction,Current prices,Unadjusted,
BDCQ.SF2EE1CA,2020.09,13369.651,,F,Dollars,6,Business Data Collection - BDC,Industry by financial variable (NZSIOC Level 2),Purchases and operating expenditure,Construction,Current prices,Unadjusted,
BDCQ.SF2EE1CA,2020.12,13678.773,,F,Dollars,6,Business Data Collection - BDC,Industry by financial variable (NZSIOC Level 2),Purchases and operating expenditure,Construction,Current prices,Unadjusted,
BDCQ.SF2EE1CA,2021.03,13018.089,,F,Dollars,6,Business Data Collection - BDC,Industry by financial variable (NZSIOC Level 2),Purchases and operating expenditure,Construction,Current prices,Unadjusted,
